0.1000000000 2.1730771901 2.7538594237 -1.9180162865 0.0000181698 -0.0000029583 -0.0000006973 0.9999999998
0.2000000000 2.1885719983 2.7538698407 -1.9180401520 0.0000379536 -0.0000013424 -0.0000056906 0.9999999993
0.3000000000 2.2140726674 2.7538904052 -1.9180663875 0.0000264125 0.0000001499 -0.0000146437 0.9999999995
0.4000000000 2.2495669020 2.7539150019 -1.9180957580 0.0000334902 -0.0000124598 -0.0000243303 0.9999999991
0.5000000000 2.2950809796 2.7539609830 -1.9181080701 0.0000327662 -0.0000294511 -0.0000221404 0.9999999988
0.6000000000 2.3505926028 2.7540321511 -1.9181199116 0.0000147044 -0.0000391654 -0.0000235277 0.9999999988
0.7000000000 2.4161214567 2.7541132261 -1.9181431054 0.0000111927 -0.0000625193 -0.0000196201 0.9999999978
0.8000000000 2.4916699715 2.7542028713 -1.9181776241 -0.0000121199 -0.0000648196 -0.0000061751 0.9999999978
0.9000000000 2.5772273874 2.7542828763 -1.9181914585 -0.0000042524 -0.0000814292 0.0000052898 0.9999999967
1.0000000000 2.6727939399 2.7543455328 -1.9181979599 -0.0000000345 -0.0000559614 0.0000067014 0.9999999984
1.1000000000 2.7783751756 2.7544195747 -1.9181986222 0.0000019298 -0.0000575923 0.0000222923 0.9999999981
1.2000000000 2.8939645734 2.7544565956 -1.9181949931 -0.0000018992 -0.0000494295 0.0000230130 0.9999999985
1.3000000000 3.0195672084 2.7544755504 -1.9181845697 0.0000028275 -0.0000352673 0.0000363278 0.9999999987
1.4000000000 3.1551420001 2.7544478432 -1.9181881067 0.0000101498 -0.0000224718 0.0000261195 0.9999999994
1.5000000000 3.3007656394 2.7544975966 -1.9181774254 0.0000073108 -0.0000055225 0.0000083222 0.9999999999
1.6000000000 3.4563892632 2.7545418625 -1.9181900733 0.0000035830 -0.0000306145 0.0000078579 0.9999999995
1.7000000000 3.6220359841 2.7545670849 -1.9181634858 0.0000080335 -0.0000341320 0.0000114374 0.9999999993
1.8000000000 3.7977512195 2.7545499941 -1.9180889977 -0.0000104570 -0.0000322386 0.0000212236 0.9999999992
1.9000000000 3.9833537395 2.7544969926 -1.9180583736 -0.0000162684 -0.0000288413 0.0000203463 0.9999999992
2.0000000000 4.1789629141 2.7543876144 -1.9180672582 -0.0000254812 -0.0000164262 0.0000107112 0.9999999995
2.1000000000 4.3847307017 2.7542667069 -1.9180365749 -0.0000403177 -0.0000052226 -0.0000108628 0.9999999991
2.2000000000 4.6006467662 2.7542230308 -1.9179461892 -0.0000254780 -0.0000235212 -0.0000271624 0.9999999990
2.3000000000 4.8263838114 2.7539975977 -1.9178894885 -0.0000126820 -0.0000498684 -0.0000262624 0.9999999983
2.4000000000 5.0620087813 2.7537719242 -1.9178140525 0.0000000992 -0.0000335166 -0.0000360024 0.9999999988
2.5000000000 5.3076796393 2.7534311438 -1.9178297680 -0.0000109807 -0.0000133369 -0.0000550339 0.9999999983
2.6000000000 5.5633245095 2.7531286552 -1.9178386843 -0.0000121231 -0.0000279550 -0.0000461395 0.9999999985
2.7000000000 5.8289410423 2.7523893821 -1.9178386059 -0.0000292992 -0.0000315229 -0.0000650283 0.9999999970
2.8000000000 6.1049535487 2.7521632455 -1.9176980409 -0.0000384775 -0.0000315988 -0.0000662231 0.9999999966
2.9000000000 6.3901826341 2.7516110842 -1.9177506279 -0.0000491717 -0.0000193593 -0.0000480353 0.9999999974
3.0000000000 6.6855870057 2.7514931290 -1.9175885309 -0.0000419488 -0.0000112396 -0.0000514293 0.9999999977
3.1000000000 6.9911900286 2.7510938999 -1.9175583729 -0.0000489448 -0.0000106997 -0.0000461205 0.9999999977
3.2000000000 7.3063143609 2.7512980794 -1.9176482187 -0.0000450528 0.0000069353 -0.0000620696 0.9999999970
3.3000000000 7.6322932029 2.7503485056 -1.9175852196 -0.0000638839 0.0000046644 -0.0000560471 0.9999999964
3.4000000000 7.9671808203 2.7492305014 -1.9176017760 -0.0000587847 0.0000228264 -0.0000664042 0.9999999958
3.5000000000 8.3108729346 2.7496063699 -1.9174582415 -0.0000464450 0.0000396507 -0.0000843690 0.9999999946
3.6000000000 8.6643880560 2.7490043061 -1.9172790720 -0.0000458927 0.0000424775 -0.0000911609 0.9999999939
3.7000000000 9.0282758550 2.7475403628 -1.9172938902 -0.0000646438 0.0000509548 -0.0001010518 0.9999999915
3.8000000000 9.4043318620 2.7460322913 -1.9171929844 -0.0000644381 0.0000320564 -0.0001181159 0.9999999904
3.9000000000 9.7878821013 2.7442156181 -1.9170440436 -0.0000716785 0.0000425695 -0.0001035083 0.9999999912
4.0000000000 10.1809752804 2.7423527356 -1.9173118287 -0.0000593834 0.0000606029 -0.0000984384 0.9999999916
4.1000000000 10.5853327315 2.7425856084 -1.9169883004 -0.0000326273 0.0000681014 -0.0001153719 0.9999999905
4.2000000000 11.0004659980 2.7397098693 -1.9169882390 -0.0000497756 0.0000532435 -0.0001122849 0.9999999910
4.3000000000 11.4228631052 2.7408984359 -1.9170284219 -0.0000312150 0.0000849270 -0.0001267921 0.9999999879
4.4000000000 11.8577587574 2.7383591328 -1.9168899307 -0.0000246736 0.0000991179 -0.0001395033 0.9999999851
4.5000000000 12.3025368064 2.7363181786 -1.9166610163 -0.0000276087 0.0001009229 -0.0001428517 0.9999999843
4.6000000000 12.7529984403 2.7332556502 -1.9166538942 -0.0000397744 0.0001210962 -0.0001424046 0.9999999817
4.7000000000 13.2115687725 2.7252471795 -1.9175261093 -0.0000698341 0.0001641097 -0.0001501703 0.9999999728
4.8000000000 13.6850031975 2.7207804220 -1.9177227130 -0.0001065188 0.0001765281 -0.0001480529 0.9999999678
4.9000000000 14.1657588625 2.7118067342 -1.9176458177 -0.0001598155 0.0002174991 -0.0001540302 0.9999999517
5.0000000000 14.6662328157 2.7119134045 -1.9175557598 -0.0001325034 0.0001784785 -0.0001547079 0.9999999633
5.1000000000 15.1623553368 2.7088451607 -1.9187415564 -0.0001372063 0.0002258404 -0.0001529627 0.9999999534
5.2000000000 15.6771153471 2.7055515510 -1.9184478527 -0.0001622286 0.0002321224 -0.0001716949 0.9999999452
5.3000000000 16.2006292651 2.7021434798 -1.9181136586 -0.0001477870 0.0002239796 -0.0001724617 0.9999999491
5.4000000000 16.7252712935 2.7005968939 -1.9192064235 -0.0001296027 0.0002738955 -0.0001765530 0.9999999385
5.5000000000 17.2693522496 2.7006057799 -1.9192604792 -0.0001072503 0.0002698510 -0.0001846362 0.9999999408
5.6000000000 17.8238047849 2.6877745232 -1.9195906608 -0.0001615998 0.0002558984 -0.0001885998 0.9999999364
5.7000000000 18.3822847375 2.6811668126 -1.9214302818 -0.0001827342 0.0002884178 -0.0002018606 0.9999999213
5.8000000000 18.9588148203 2.6789339581 -1.9206949779 -0.0001880024 0.0002654937 -0.0001998573 0.9999999271
5.9000000000 19.5297622604 2.6663814848 -1.9232316080 -0.0002008540 0.0003296548 -0.0002137071 0.9999999027
6.0000000000 20.1124070305 2.6578530563 -1.9239220644 -0.0002243021 0.0003649555 -0.0002302119 0.9999998817
6.1000000000 20.7184606555 2.6403993620 -1.9229214305 -0.0002950125 0.0003562896 -0.0002448603 0.9999998630
6.2000000000 21.3443857817 2.6404040199 -1.9213538999 -0.0002829488 0.0003141432 -0.0002519882 0.9999998789
6.3000000000 21.9607109376 2.6501183341 -1.9222014238 -0.0002268500 0.0003268724 -0.0002571261 0.9999998878
6.4000000000 22.6071728608 2.6320615772 -1.9217426251 -0.0002699459 0.0002860605 -0.0002640087 0.9999998878
6.5000000000 23.2276134901 2.6161015695 -1.9220644158 -0.0003162039 0.0003552725 -0.0002695513 0.9999998506
6.6000000000 23.8800824113 2.5795296110 -1.9203108443 -0.0004075954 0.0003479348 -0.0002881771 0.9999998149
6.7000000000 24.5460968219 2.5651705779 -1.9204361298 -0.0004362197 0.0003219132 -0.0003073685 0.9999998058
6.8000000000 25.1679445042 2.5271747127 -1.9235425808 -0.0005354649 0.0004991722 -0.0003260125 0.9999996789
6.9000000000 25.8733998524 2.5443252739 -1.9216558676 -0.0004561814 0.0004111020 -0.0003276756 0.9999997578
7.0000000000 26.5741403256 2.5324903299 -1.9222281568 -0.0004599370 0.0003844530 -0.0003289699 0.9999997662
7.1000000000 27.2754748678 2.5039517550 -1.9217963710 -0.0005296510 0.0003916347 -0.0003574925 0.9999997191
7.2000000000 27.9767830470 2.5102040004 -1.9238927201 -0.0004794960 0.0004253440 -0.0003722862 0.9999997253
7.3000000000 28.7091329083 2.4873069750 -1.9228718486 -0.0005224825 0.0003975481 -0.0004103055 0.9999997003
7.4000000000 29.4238200181 2.4319180752 -1.9266871234 -0.0006403158 0.0004268740 -0.0004234439 0.9999996142
7.5000000000 30.1424747051 2.3997134304 -1.9306200101 -0.0007037200 0.0004688466 -0.0004106232 0.9999995582
7.6000000000 30.8553193841 2.3449599451 -1.9344486922 -0.0008095950 0.0005730035 -0.0004249347 0.9999994178
7.7000000000 31.5650158553 2.3073806726 -1.9386639210 -0.0008646119 0.0007058336 -0.0004316022 0.9999992840
7.8000000000 32.3143737083 2.2477596794 -1.9426776071 -0.0009922888 0.0007292972 -0.0004652300 0.9999991335
7.9000000000 33.0743137456 2.2587349507 -1.9449369420 -0.0009120344 0.0007735643 -0.0004527077 0.9999991824
8.0000000000 33.8924022991 2.2355084443 -1.9423659185 -0.0009292430 0.0006935053 -0.0004657578 0.9999992193
8.1000000000 34.6925997597 2.2243550359 -1.9444927844 -0.0009118773 0.0006875969 -0.0004660912 0.9999992392
8.2000000000 35.4756943141 2.1723139456 -1.9458627145 -0.0010105087 0.0007508527 -0.0004854844 0.9999990897
8.3000000000 36.2869943680 2.0829857002 -1.9449879958 -0.0011824734 0.0007492044 -0.0005149336 0.9999988876
8.4000000000 37.0911672904 2.0884840309 -1.9467240601 -0.0011279209 0.0007967813 -0.0005190525 0.9999989118
8.5000000000 37.8874252260 2.0490448209 -1.9501109623 -0.0011840707 0.0008931728 -0.0005582451 0.9999987443
8.6000000000 38.6518445405 2.0240740887 -1.9559465128 -0.0011856336 0.0010606459 -0.0005663396 0.9999985743
8.7000000000 39.4453683989 1.9465436270 -1.9617367784 -0.0012967412 0.0011685692 -0.0005726240 0.9999983125
8.8000000000 40.2745478962 1.8994688959 -1.9680930552 -0.0013479470 0.0012376726 -0.0005912697 0.9999981508
8.9000000000 41.1739901999 1.9540612623 -1.9642180898 -0.0011988678 0.0011769079 -0.0005858365 0.9999984172
9.0000000000 42.0380937978 1.8935087048 -1.9640089594 -0.0012721654 0.0012055490 -0.0005883064 0.9999982911
9.1000000000 42.9373042000 1.7953665673 -1.9631530571 -0.0014257126 0.0011879831 -0.0006102170 0.9999980918
9.2000000000 43.6834211491 1.7287357001 -1.9771348759 -0.0014943086 0.0014827169 -0.0006292594 0.9999975863
9.3000000000 44.5679558779 1.6664732523 -1.9807593721 -0.0015645029 0.0015257048 -0.0006342317 0.9999974111
9.4000000000 45.4216552048 1.6631183654 -1.9870229253 -0.0015161635 0.0016295565 -0.0006144026 0.9999973341
9.5000000000 46.3096513025 1.6449080392 -1.9938225302 -0.0015228891 0.0016770903 -0.0006232305 0.9999972399
9.6000000000 47.2089806921 1.5888573679 -1.9931417627 -0.0015734314 0.0017088406 -0.0018946227 0.9999955073
9.7000000000 48.1557086759 1.5651678229 -1.9957541829 -0.0015609635 0.0016049195 -0.0056389784 0.9999815946
9.8000000000 48.9737934714 1.4867633366 -2.0005860812 -0.0016377828 0.0017361028 -0.0119008510 0.9999263340
9.9000000000 49.7409512552 1.5070140572 -2.0149667024 -0.0015267054 0.0019112099 -0.0206445998 0.9997838851
10.0000000000 50.6158981844 1.4402082633 -2.0143412900 -0.0015115305 0.0018921762 -0.0318941126 0.9994883194
10.1000000000 51.5269805017 1.3599491062 -2.0072303778 -0.0015097948 0.0017871470 -0.0456508455 0.9989547172
10.2000000000 52.2832541910 1.1423891003 -2.0168044281 -0.0017052080 0.0019155450 -0.0618835687 0.9980800804
10.3000000000 53.1580367572 0.8223519596 -2.0112196390 -0.0019816103 0.0018098562 -0.0806335582 0.9967402003
10.4000000000 53.9916001308 0.6069399699 -2.0143083981 -0.0020690066 0.0017330442 -0.1017878364 0.9948024689
10.5000000000 54.7723090720 0.3172979131 -2.0201818283 -0.0021945015 0.0017002973 -0.1250934718 0.9921410769
10.6000000000 55.6302394840 0.1029824582 -2.0169443406 -0.0021507118 0.0015359760 -0.1488226725 0.9888603680
10.7000000000 56.5979064939 -0.1142635341 -2.0009554726 -0.0020054887 0.0011996010 -0.1718574397 0.9851190585
10.8000000000 57.4645474875 -0.7138407924 -1.9860570960 -0.0023849886 0.0009338251 -0.1938766274 0.9810225753
10.9000000000 58.2583345586 -1.1787307029 -1.9711771880 -0.0025040786 0.0007517637 -0.2147383126 0.9766681225
11.0000000000 58.9867362124 -1.5873907191 -1.9692008437 -0.0025032862 0.0006397089 -0.2344702793 0.9721198550
11.1000000000 59.5558288126 -1.9522817504 -1.9697507804 -0.0024700106 0.0007580572 -0.2530981714 0.9674371504
11.2000000000 60.2062518124 -2.4888862783 -1.9671285046 -0.0025955964 0.0006781856 -0.2707077693 0.9626578346
11.3000000000 60.7509957671 -2.9426625987 -1.9759775124 -0.0026202965 0.0007608595 -0.2873392417 0.9578249920
11.4000000000 61.2533470280 -3.2888593605 -1.9845821474 -0.0024944075 0.0008977270 -0.3030255798 0.9529787353
11.5000000000 61.6496120075 -3.7597714702 -1.9942062155 -0.0025767043 0.0010709045 -0.3178317077 0.9481430374
11.6000000000 62.3684332879 -4.2624104468 -1.9842734501 -0.0025256504 0.0008315946 -0.3317959992 0.9433474145
11.7000000000 62.8952233668 -4.7217982646 -1.9740751117 -0.0024814758 0.0008158467 -0.3449831901 0.9386052286
11.8000000000 63.5399513328 -5.2025722143 -1.9678295716 -0.0023772055 0.0006615451 -0.3574274730 0.9339376386
11.9000000000 63.8702569771 -5.7766439599 -1.9638271841 -0.0024980336 0.0008037577 -0.3691950739 0.9293482185
12.0000000000 64.4281939288 -6.2894016103 -1.9487304966 -0.0024575079 0.0007081692 -0.3803079296 0.9248563877
12.1000000000 64.9881965158 -6.8874728173 -1.9431707010 -0.0024834166 0.0005443536 -0.3907856665 0.9204781905
12.2000000000 65.5509284391 -7.4874850798 -1.9291506228 -0.0024895820 0.0003709656 -0.4006904053 0.9162100542
12.3000000000 66.0292811395 -7.9926670999 -1.9282991197 -0.0024183973 0.0003032445 -0.4100382051 0.9120650907
12.4000000000 66.2763682814 -8.4427367207 -1.9303508251 -0.0023976190 0.0004989020 -0.4188882756 0.9080344790
12.5000000000 66.6424176847 -9.1374307811 -1.9208016055 -0.0025736361 0.0004164980 -0.4272396822 0.9041346453
12.6000000000 67.0136537572 -9.5484337996 -1.9184119915 -0.0024272856 0.0004598625 -0.4351251628 0.9003665862
12.7000000000 67.3066562004 -10.1796435986 -1.9221700085 -0.0025336161 0.0004659017 -0.4425668974 0.8967317910
12.8000000000 67.8922487396 -10.7097543596 -1.9058233756 -0.0023928344 0.0002244153 -0.4495888393 0.8932323883
12.9000000000 68.2275165072 -11.1510124148 -1.8895030925 -0.0023000665 0.0002593973 -0.4562232425 0.8898623463
13.0000000000 68.3193098672 -11.7167257266 -1.8971180250 -0.0024408486 0.0004486693 -0.4625105524 0.8866103033
13.1000000000 68.7420124814 -12.1022415935 -1.8895345475 -0.0022468563 0.0004088690 -0.4684678703 0.8834775826
13.2000000000 69.2737511751 -12.5497152573 -1.8608691053 -0.0020722175 0.0002017329 -0.4740850364 0.8804766002
13.3000000000 69.6120863175 -13.1632676534 -1.8452755177 -0.0021118128 0.0001020829 -0.4794039787 0.8775917930
13.4000000000 70.0498732335 -13.3975018504 -1.8354631560 -0.0017583850 0.0000880130 -0.4844370712 0.8748243392
13.5000000000 70.4241330270 -13.9217927459 -1.8260213403 -0.0017266890 -0.0000160381 -0.4891793345 0.8721815161
13.6000000000 70.6674033520 -14.5165747583 -1.8193427525 -0.0018053035 -0.0000746788 -0.4936704165 0.8696472015
13.7000000000 71.0417629832 -15.2450982164 -1.8014369247 -0.0019392107 -0.0003108989 -0.4979136540 0.8672243861
13.8000000000 71.1659881998 -15.7190561593 -1.8134162347 -0.0019621266 -0.0001991722 -0.5019494998 0.8648946815
13.9000000000 71.3646989082 -16.0746896700 -1.8260685638 -0.0018359046 -0.0001136957 -0.5057698144 0.8626665123
14.0000000000 71.4721370308 -16.5369443118 -1.8190040121 -0.0018696442 -0.0000075776 -0.5093886023 0.8605345759
14.1000000000 71.6755790700 -16.7544659557 -1.8133523068 -0.0016653499 0.0001268416 -0.5128236391 0.8584923562
14.2000000000 71.9096068917 -17.1555453609 -1.7959775551 -0.0016012462 0.0001489464 -0.5160498878 0.8565570192
14.3000000000 72.2380668275 -17.6851726735 -1.7967509104 -0.0015765798 0.0000350307 -0.5190842675 0.8547216134
14.4000000000 72.3456442529 -18.2311719513 -1.7965500985 -0.0016854964 0.0000626015 -0.5219831874 0.8529541062
14.5000000000 72.8655595312 -18.7281320967 -1.7830897094 -0.0015383332 -0.0002031734 -0.5246966897 0.8512878338
14.6000000000 73.1020750310 -19.2659306224 -1.7854925469 -0.0015560928 -0.0002658248 -0.5272908733 0.8496833780
14.7000000000 72.9972596537 -19.4451480585 -1.8046269766 -0.0014698623 0.0001509834 -0.5297665570 0.8481422120
14.8000000000 72.7898670026 -20.0027503998 -1.7936157551 -0.0017531093 0.0004396076 -0.5321141008 0.8466707253
14.9000000000 73.0644761394 -20.3760184280 -1.7836770514 -0.0016284498 0.0004461896 -0.5343256257 0.8452770403
15.0000000000 73.0609759636 -20.9199395813 -1.7914778409 -0.0017574753 0.0005463661 -0.5364172251 0.8439509307
15.1000000000 73.2995364421 -21.3400256930 -1.8070599194 -0.0016644431 0.0005272453 -0.5384056197 0.8426840098
15.2000000000 73.7336514646 -22.0076592601 -1.7987933444 -0.0016811662 0.0002692751 -0.5402617553 0.8414952983
15.3000000000 73.9942918147 -22.6756781963 -1.7908744171 -0.0017664748 0.0001245042 -0.5420307270 0.8403568023
15.4000000000 74.1229574567 -23.1169151143 -1.7920096712 -0.0017582920 0.0001989985 -0.5437161112 0.8392673348
15.5000000000 74.1012435268 -23.6832538365 -1.7878421357 -0.0019235340 0.0003128539 -0.5453176790 0.8382271954
15.6000000000 74.4782265985 -24.6240748939 -1.7535694642 -0.0021346590 -0.0000687559 -0.5467849332 0.8372703717
15.7000000000 74.8832427223 -25.1228053222 -1.7377831602 -0.0020112509 -0.0002299540 -0.5481929733 0.8363494282
15.8000000000 75.1297273380 -25.6002299606 -1.7206164466 -0.0019469867 -0.0002700530 -0.5495460997 0.8354610827
15.9000000000 75.4253135366 -26.1736847583 -1.7091389977 -0.0019267256 -0.0003996649 -0.5508150751 0.8346249943
16.0000000000 75.4870579274 -26.8394828783 -1.6774863135 -0.0020955620 -0.0003737164 -0.5520232524 0.8338259997
16.1000000000 75.5663643608 -27.1600929067 -1.6777549301 -0.0019981257 -0.0002163144 -0.5532063711 0.8330418187
16.2000000000 75.6310709493 -27.8486531326 -1.6513667289 -0.0021782522 -0.0002260277 -0.5543028874 0.8323121489
16.3000000000 75.5575642647 -28.3662905244 -1.6475823979 -0.0022954548 -0.0000525172 -0.5553545042 0.8316105475
16.4000000000 75.9756338781 -28.6865853706 -1.6410024049 -0.0020270054 -0.0001314295 -0.5563518149 0.8309443616
16.5000000000 75.8860668237 -28.9379239215 -1.6512159327 -0.0019513334 0.0001902141 -0.5573135435 0.8302998075
16.6000000000 75.9915880917 -29.3772655012 -1.6539145373 -0.0019229179 0.0002453586 -0.5582187178 0.8296915724
16.7000000000 75.9154730435 -29.9915296958 -1.6011990600 -0.0021129613 0.0003603201 -0.5590809211 0.8291103239
16.8000000000 76.2050684525 -30.2961800835 -1.5727122569 -0.0018901435 0.0003876038 -0.5598878850 0.8285661310
16.9000000000 76.3604014421 -31.0992161886 -1.5466592462 -0.0021192822 0.0002405240 -0.5606226882 0.8280686277
17.0000000000 76.4014680495 -31.5170660677 -1.5461508266 -0.0021171077 0.0003668451 -0.5613590193 0.8275695951
17.1000000000 76.5030361705 -31.8837642706 -1.5491722278 -0.0020330163 0.0004565338 -0.5620500746 0.8271005816
17.2000000000 76.5309677206 -32.3879836749 -1.5491183443 -0.0020483231 0.0005497723 -0.5626923427 0.8266636738
17.3000000000 76.7800076751 -32.7523995738 -1.5408977709 -0.0018975876 0.0005492837 -0.5633132519 0.8262410530
17.4000000000 76.9491161169 -32.9656524855 -1.5363232385 -0.0016884411 0.0006597882 -0.5639140005 0.8258315287
17.5000000000 77.3232722347 -33.4559939069 -1.5284754449 -0.0015825655 0.0004931360 -0.5644619049 0.8254574551
17.6000000000 77.4223494746 -33.7961265608 -1.5312638691 -0.0014938015 0.0006225382 -0.5649792725 0.8251035103
17.7000000000 77.3868209175 -34.0803364417 -1.5418250133 -0.0014497137 0.0008590173 -0.5654943394 0.8247504547
17.8000000000 77.6242699121 -34.7961637420 -1.5337635201 -0.0015578804 0.0006894611 -0.5659446181 0.8244415000
17.9000000000 77.5601004968 -35.5093403772 -1.5001160008 -0.0018067465 0.0007251958 -0.5663908216 0.8241344835
18.0000000000 77.8377830398 -35.8136468297 -1.4973523396 -0.0015998722 0.0007099524 -0.5668233586 0.8238374940
18.1000000000 77.8627655857 -36.5588076526 -1.4904022527 -0.0018089970 0.0006823467 -0.5672046453 0.8235746185
18.2000000000 78.0469462887 -36.7292920651 -1.4704130824 -0.0015684202 0.0008088232 -0.5676098321 0.8232957940
18.3000000000 78.0026172355 -37.3311867616 -1.4650205859 -0.0017352769 0.0008846091 -0.5679769439 0.8230421602
18.4000000000 78.4516460057 -37.5972029770 -1.4856790188 -0.0014018414 0.0007789993 -0.5683173683 0.8228078736
18.5000000000 78.5278955262 -37.8584349224 -1.5260504467 -0.0012349201 0.0009313154 -0.5686640439 0.8225684244
18.6000000000 78.6874905283 -38.4461005547 -1.5074829408 -0.0012974827 0.0008850778 -0.5689751384 0.8223532240
18.7000000000 78.8071201396 -38.8449813696 -1.4910447438 -0.0012389411 0.0009284962 -0.5692743959 0.8221461336
18.8000000000 78.8003299610 -39.4166598320 -1.4386474470 -0.0013715162 0.0010385025 -0.5695501739 0.8219547675
18.9000000000 79.1134550471 -39.8528676251 -1.3915925056 -0.0012316414 0.0009684256 -0.5698149616 0.8217715344
19.0000000000 79.2954883994 -40.3921916418 -1.4053540345 -0.0012239991 0.0009337078 -0.5700631163 0.8215994605
19.1000000000 79.4333322906 -40.6965129741 -1.4211254173 -0.0010903960 0.0010295201 -0.5703181598 0.8214225147
19.2000000000 79.7886677169 -41.1435485934 -1.4352025764 -0.0009387390 0.0009062611 -0.5705580615 0.8212562304
19.3000000000 80.1067390337 -41.7532791460 -1.4460895182 -0.0009494428 0.0007198787 -0.5707475001 0.8211247600
19.4000000000 80.1706107612 -42.2949607660 -1.4821078348 -0.0010098914 0.0007315002 -0.5709615025 0.8209758874
19.5000000000 80.4827552402 -42.3823667893 -1.5043199329 -0.0006529631 0.0007848210 -0.5711842053 0.8208212724
19.6000000000 80.9207045497 -43.1119380962 -1.4942791347 -0.0006692938 0.0004365027 -0.5713517600 0.8207048969
19.7000000000 81.2330497293 -43.6409469488 -1.4489643208 -0.0006220351 0.0003125032 -0.5715358202 0.8205768225
19.8000000000 81.5573719206 -43.9519885378 -1.4129032652 -0.0004001208 0.0003041318 -0.5717213357 0.8204477203
19.9000000000 81.6946045635 -44.5604585463 -1.4227654080 -0.0004755964 0.0002426865 -0.5718663331 0.8203466413
20.0000000000 81.7956346987 -44.9610995747 -1.4064890222 -0.0004447897 0.0003086913 -0.5720155734 0.8202425804
20.1000000000 81.7109909109 -45.6229641833 -1.3815405027 -0.0006566798 0.0003844982 -0.5721473581 0.8201504871
20.2000000000 81.9001386492 -45.6726968617 -1.3985648979 -0.0003213078 0.0005497772 -0.5723231164 0.8200279538
20.3000000000 81.8919196540 -46.0144071027 -1.4218862427 -0.0002988319 0.0007320174 -0.5724666523 0.8199276229
20.4000000000 81.9495610185 -46.5627126946 -1.3923026759 -0.0003799189 0.0007635611 -0.5725700082 0.8198553887
20.5000000000 82.1034830530 -47.1496816961 -1.3537460912 -0.0004476581 0.0007221728 -0.5726831271 0.8197763805
20.6000000000 82.4952097060 -47.4713973731 -1.4354276373 -0.0001847079 0.0006141285 -0.5728032217 0.8196926606
20.7000000000 82.6838543284 -48.1079641487 -1.4091306505 -0.0002807072 0.0005250751 -0.5729110122 0.8196173605
20.8000000000 82.8391229356 -48.5555842522 -1.3583612480 -0.0002404895 0.0005397250 -0.5730104426 0.8195478531
20.9000000000 83.0496111697 -49.1525568257 -1.3132041009 -0.0002869331 0.0004504929 -0.5730921344 0.8194907688
21.0000000000 83.1558003376 -49.3884915613 -1.3281639860 -0.0001322882 0.0006055275 -0.5732014103 0.8194142780
21.1000000000 83.4120342283 -49.9097141859 -1.3400001916 -0.0001105029 0.0005346975 -0.5732712319 0.8193654841
21.2000000000 83.6652342890 -50.6360630671 -1.2869028479 -0.0002062394 0.0003392734 -0.5733401690 0.8193173335
21.3000000000 83.8350455304 -51.2860675170 -1.2802840933 -0.0002801375 0.0002464426 -0.5734258435 0.8192573850
21.4000000000 83.6953835202 -52.0109634372 -1.2679921651 -0.0005617246 0.0003268614 -0.5735017980 0.8192040438
21.5000000000 83.9849250857 -52.2662521307 -1.2574448060 -0.0003043785 0.0003733469 -0.5735959365 0.8191382482
21.6000000000 84.5491547208 -53.0433811077 -1.2450021498 -0.0002833660 -0.0000729722 -0.5736479849 0.8191018886
21.7000000000 84.6683396378 -53.7349389194 -1.2340638199 -0.0004289497 -0.0001492905 -0.5736955570 0.8190684963
21.8000000000 84.8345510597 -54.5002903235 -1.1780146263 -0.0005925052 -0.0002699938 -0.5737326601 0.8190423742
21.9000000000 84.9912592030 -55.0998235874 -1.1850204926 -0.0006520790 -0.0002975984 -0.5737868610 0.8190043494
22.0000000000 84.9915930109 -55.5803215412 -1.2120006790 -0.0006750795 -0.0001867868 -0.5738671991 0.8189480736
22.1000000000 85.0240712037 -56.3105640025 -1.1733224540 -0.0008811517 -0.0002126085 -0.5739180034 0.8189122687
22.2000000000 85.1425131323 -56.5360973867 -1.2047849636 -0.0006950226 -0.0000716265 -0.5739824095 0.8188673307
22.3000000000 85.4155811950 -57.2636712835 -1.1992012382 -0.0007976136 -0.0002749361 -0.5740204525 0.8188405268
22.4000000000 85.9099014884 -57.5566848138 -1.2377485983 -0.0004766139 -0.0003968215 -0.5740802996 0.8187987695
22.5000000000 85.9141458339 -57.9527803759 -1.2208104604 -0.0004607280 -0.0002342443 -0.5741201009 0.8187709341
22.6000000000 85.9841941674 -58.1710459916 -1.2321552805 -0.0002833753 -0.0000179521 -0.5741758853 0.8187319294
22.7000000000 86.0725916068 -58.4597938869 -1.2794084618 -0.0001481039 0.0001312012 -0.5742270189 0.8186960923
22.8000000000 86.1389269080 -58.5458955122 -1.3168385061 0.0001227431 0.0003893087 -0.5742731900 0.8186636285
22.9000000000 86.2475086934 -59.0220703247 -1.3226233510 0.0001251590 0.0003973047 -0.5743137530 0.8186351688
23.0000000000 86.4094128197 -59.5263069016 -1.3201502453 0.0001118123 0.0003965408 -0.5743345403 0.8186205874
23.1000000000 86.4460660165 -60.3271664581 -1.3450422741 -0.0001588950 0.0003266450 -0.5743564299 0.8186052525
23.2000000000 86.5410796210 -60.6892566363 -1.3097609595 -0.0000792510 0.0004393004 -0.5743842466 0.8185856937
23.3000000000 86.7153464861 -61.0801641808 -1.3412140918 0.0000269316 0.0004588740 -0.5744131759 0.8185653866
23.4000000000 86.8911824247 -61.4928439535 -1.2431133832 0.0000918366 0.0005110788 -0.5744472580 0.8185414334
23.5000000000 87.0616861515 -62.0688688240 -1.2449272604 0.0000262760 0.0004438244 -0.5744747174 0.8185222058
23.6000000000 87.2312532436 -62.4134230274 -1.2368379878 0.0001429380 0.0005181006 -0.5744896968 0.8185116367
23.7000000000 87.6115236851 -62.8611336734 -1.2384021098 0.0002817806 0.0003620269 -0.5745177783 0.8184919743
23.8000000000 87.9830161835 -63.4155115436 -1.2700589779 0.0003540368 0.0001572714 -0.5745269164 0.8184855968
23.9000000000 87.9219057330 -63.8932451501 -1.2161248742 0.0002502548 0.0003256392 -0.5745380580 0.8184777647
24.0000000000 87.9875778752 -64.4387634445 -1.2342812136 0.0001600948 0.0003566712 -0.5745586979 0.8184632855
24.1000000000 88.2904804467 -64.5885302797 -1.2576639031 0.0004874328 0.0004175171 -0.5745875206 0.8184428931
24.2000000000 88.3958536756 -65.1266056203 -1.2283771444 0.0004350779 0.0004068887 -0.5746055316 0.8184302830
24.3000000000 88.8364008390 -65.5289972608 -1.2342797439 0.0006215856 0.0002499879 -0.5746264253 0.8184155561
24.4000000000 88.8692203523 -65.7370375539 -1.1951571948 0.0007648814 0.0004784797 -0.5746530931 0.8183966084
24.5000000000 89.1233785474 -66.1735951521 -1.2058415431 0.0008570344 0.0004425339 -0.5746583601 0.8183928390
24.6000000000 89.4148317623 -66.8200773192 -1.1499065559 0.0007974367 0.0002557507 -0.5746720975 0.8183833326
24.7000000000 89.5548420067 -67.4610953205 -1.1727101160 0.0006925515 0.0001950825 -0.5746837943 0.8183752311
24.8000000000 90.0462130735 -67.9852345241 -1.1665442247 0.0008264079 -0.0000691089 -0.5747006607 0.8183632830
24.9000000000 90.2635438831 -68.5011408678 -1.1576418173 0.0008258872 -0.0001151306 -0.5747017291 0.8183625280
25.0000000000 90.5120277403 -69.1124926097 -1.1176097555 0.0007858726 -0.0002324547 -0.5747270047 0.8183447919
25.1000000000 90.7036052631 -69.5899298027 -1.0797120077 0.0007905853 -0.0002526940 -0.5747611127 0.8183208261
25.2000000000 90.9151819549 -69.6568727044 -1.0846274803 0.0011128727 -0.0000837162 -0.5747610839 0.8183205062
25.3000000000 91.1509142635 -70.1299575563 -1.0767653336 0.0011292756 -0.0000939091 -0.5747536968 0.8183256711
25.4000000000 91.1261774632 -70.7486909649 -1.0179561770 0.0009066562 -0.0000192184 -0.5747693235 0.8183149774
25.5000000000 91.4844608061 -71.1900832300 -1.0554363026 0.0010362834 -0.0001406150 -0.5747777180 0.8183089155
25.6000000000 91.9481360148 -71.7423021672 -0.9920472595 0.0011170945 -0.0003784049 -0.5747739065 0.8183114110
25.7000000000 92.2044493254 -72.2287153424 -0.9955877172 0.0011645186 -0.0004222986 -0.5748016971 0.8182918028
25.8000000000 91.9050418729 -72.5003446616 -1.0262970344 0.0010773091 0.0000246396 -0.5748113124 0.8182852766
25.9000000000 91.9459184219 -73.0407686554 -1.0469141448 0.0009707654 0.0000808430 -0.5748091229 0.8182869444
26.0000000000 91.9443862495 -73.6051920173 -0.9767945443 0.0008149478 0.0001597817 -0.5748154311 0.8182826715
26.1000000000 92.3736227811 -74.0896342061 -0.9376618928 0.0009424751 -0.0000293046 -0.5748473451 0.8182601302
26.2000000000 92.6774954011 -74.4852063316 -0.9671600038 0.0010705338 -0.0001063719 -0.5748707429 0.8182435283
26.3000000000 92.8138522948 -75.0309939258 -0.9546090871 0.0010179436 -0.0001090994 -0.5748843000 0.8182340701
26.4000000000 92.9178633188 -75.6263254166 -0.9062606969 0.0009022414 -0.0001262875 -0.5748963405 0.8182257437
26.5000000000 93.1026829872 -75.8397601127 -0.9500559384 0.0010809908 -0.0000045424 -0.5749147871 0.8182125757
26.6000000000 93.2835886993 -76.4352091533 -0.9557287523 0.0010069809 -0.0000639586 -0.5749179945 0.8182104139
26.7000000000 93.2086919724 -76.9431145506 -0.9462731073 0.0008456272 0.0000947571 -0.5749238708 0.8182064646
26.8000000000 93.2744598590 -77.5193149166 -0.8595598675 0.0007208834 0.0001154754 -0.5749315390 0.8182011932
26.9000000000 93.7293305834 -77.9504893319 -0.8352665499 0.0008778848 -0.0000694217 -0.5749597997 0.8181811861
27.0000000000 93.9567970687 -78.1917029238 -0.8846679218 0.0010725304 -0.0000018498 -0.5749694762 0.8181741570
27.1000000000 94.0100836441 -78.6501628582 -0.8978825399 0.0010220315 0.0001125502 -0.5749741749 0.8181709118
27.2000000000 94.1041042922 -79.0946097852 -0.8288611959 0.0010270192 0.0001712253 -0.5749673648 0.8181756812
27.3000000000 94.1935576197 -79.3361006223 -0.8093650303 0.0011428140 0.0003288287 -0.5749654340 0.8181768363
27.4000000000 94.2095302994 -79.2797447089 -0.8367075876 0.0014575193 0.0007077441 -0.5749704470 0.8181725733
27.5000000000 94.5303964706 -79.6123167130 -0.8420248088 0.0016365825 0.0006687018 -0.5749795377 0.8181658790
27.6000000000 94.7253407803 -80.1735806531 -0.8539340685 0.0015629973 0.0005991929 -0.5749777325 0.8181673454
27.7000000000 94.9312211279 -80.4830949812 -0.9205791428 0.0016953502 0.0006338593 -0.5749841892 0.8181625182
27.8000000000 95.1622569427 -80.9920639502 -0.8599004953 0.0016789432 0.0005685274 -0.5749977463 0.8181530723
27.9000000000 95.1151455297 -81.0932911177 -0.8982629051 0.0018371461 0.0008991382 -0.5749958598 0.8181537616
28.0000000000 95.2206911292 -81.1647188645 -0.9319041602 0.0020502662 0.0011308944 -0.5749925867 0.8181552681
28.1000000000 95.6891094407 -81.4926299721 -1.0021735969 0.0022850106 0.0009882047 -0.5750061639 0.8181452888
28.2000000000 96.0778743667 -82.0759671652 -0.9521826347 0.0023140862 0.0007689519 -0.5750119076 0.8181414058
28.3000000000 96.4188499215 -82.4726182994 -0.9040523908 0.0024500804 0.0006920591 -0.5750161109 0.8181381243
28.4000000000 96.8078976000 -83.1493965069 -0.8921397117 0.0024140396 0.0004590235 -0.5750349677 0.8181251418
28.5000000000 96.9435394888 -83.6672511164 -0.8404209249 0.0023838799 0.0004898095 -0.5750292493 0.8181292316
28.6000000000 97.1253317502 -84.4194118495 -0.7643070749 0.0022039089 0.0003684538 -0.5750245753 0.8181330850
28.7000000000 97.2852553638 -84.8731898431 -0.7847324340 0.0022276648 0.0004228795 -0.5750295933 0.8181294675
28.8000000000 97.5394433721 -85.6405348247 -0.8176480768 0.0020877340 0.0002535930 -0.5750344999 0.8181264579
28.9000000000 97.8878511494 -86.0183753398 -0.7616749270 0.0022458278 0.0002343429 -0.5750382949 0.8181233774
29.0000000000 97.8772514493 -86.2992954778 -0.7428969846 0.0023026021 0.0005258838 -0.5750290513 0.8181295812
29.1000000000 98.1186929698 -86.7556737029 -0.7219905223 0.0023797142 0.0005597388 -0.5750223540 0.8181340453
29.2000000000 98.4701279549 -87.1381314851 -0.7068760207 0.0025630158 0.0005529148 -0.5750138984 0.8181394392
29.3000000000 99.1021444119 -87.7898100858 -0.8027350319 0.0026995552 0.0002138566 -0.5750195524 0.8181351851
29.4000000000 99.4496165556 -88.3136884278 -0.7951143480 0.0028025425 0.0001553008 -0.5750278820 0.8181289975
29.5000000000 99.6669197448 -89.0129561537 -0.7542552803 0.0027300477 0.0000968035 -0.5750188142 0.8181356249
29.6000000000 99.9852016324 -89.4280451100 -0.7989718803 0.0028947060 0.0001241788 -0.5750312529 0.8181263127
29.7000000000 100.3414250735 -90.2361154416 -0.8092643867 0.0027903109 -0.0000379538 -0.5750534304 0.8181110957
29.8000000000 100.9261456083 -91.0693885021 -0.8202262377 0.0027948453 -0.0003810103 -0.5750783911 0.8180934468
29.9000000000 101.4547704504 -91.6428612368 -0.8696599748 0.0029779787 -0.0005582657 -0.5750748158 0.8180952122
30.0000000000 101.3004422344 -92.0902130216 -0.8194261744 0.0028945202 -0.0001526700 -0.5750609409 0.8181054411
30.1000000000 101.6933774416 -92.3663545685 -0.9090807219 0.0032134373 -0.0000395406 -0.5750492569 0.8181124766
30.2000000000 101.9504746668 -93.0857285497 -0.8997423067 0.0031445319 -0.0000525597 -0.5750592655 0.8181057085
30.3000000000 102.3579492331 -93.9068271217 -0.9503063036 0.0030935759 -0.0002410170 -0.5750747360 0.8180949943
30.4000000000 102.6341025867 -94.4375433452 -0.9815845956 0.0031723729 -0.0001596406 -0.5750643136 0.8181020387
30.5000000000 102.8948688662 -95.2324981444 -1.0522140346 0.0030745451 -0.0001906120 -0.5750780796 0.8180927290
30.6000000000 103.4583060938 -95.9327391305 -1.0294947476 0.0031774845 -0.0003779457 -0.5750689455 0.8180986913
30.7000000000 103.7907195472 -96.7561790108 -0.9145784657 0.0030948753 -0.0004864518 -0.5750879602 0.8180855843
30.8000000000 103.9102539982 -97.1651298685 -0.9765469433 0.0031947079 -0.0002145833 -0.5750968431 0.8180790725
30.9000000000 104.2539742703 -97.9864761413 -0.9289310123 0.0031341859 -0.0002954799 -0.5751070073 0.8180721360
31.0000000000 104.6987069437 -98.5038283428 -0.8715844488 0.0033460105 -0.0002994665 -0.5751031590 0.8180740010
31.1000000000 104.9140023443 -99.4953858303 -0.9241378328 0.0031026217 -0.0003734012 -0.5751165241 0.8180655340
31.2000000000 105.2235842762 -99.9076146666 -0.9681146355 0.0033442782 -0.0002091008 -0.5751132664 0.8180669306
31.3000000000 105.6569616486 -100.5318757772 -1.0097288532 0.0034582565 -0.0002187944 -0.5751083386 0.8180699185
31.4000000000 106.0091557674 -101.2768116811 -1.0021281180 0.0034732031 -0.0002411425 -0.5751251006 0.8180580648
31.5000000000 106.4799199866 -102.2472014188 -1.0121807119 0.0033962628 -0.0004400889 -0.5751415242 0.8180467583
31.6000000000 106.8156103005 -102.9253326923 -1.0145218477 0.0034372026 -0.0003971167 -0.5751385251 0.8180487179
31.7000000000 107.2955578492 -103.6986177943 -1.0379557776 0.0035205801 -0.0004837556 -0.5751432265 0.8180450113
31.8000000000 107.4784281121 -104.4229138374 -1.0690984701 0.0034641714 -0.0003480675 -0.5751440718 0.8180447268
31.9000000000 107.5460613891 -105.2297331910 -1.0945397120 0.0033046734 -0.0001638377 -0.5751614142 0.8180332511
32.0000000000 107.7550224656 -106.1236742873 -0.9815662743 0.0031645495 -0.0001241568 -0.5751737966 0.8180251059
32.1000000000 108.0041061806 -106.6974595388 -1.0295789133 0.0032840676 0.0000448509 -0.5751778590 0.8180217866
32.2000000000 108.0934731472 -107.7798650650 -0.9709882086 0.0029636019 0.0000656382 -0.5752089810 0.8180011253
32.3000000000 108.2609547203 -108.6567237608 -1.0060141741 0.0028545922 0.0001698912 -0.5752311387 0.8179859165
32.4000000000 108.5766425627 -109.5601723176 -1.0921833223 0.0027940310 0.0001607537 -0.5752475233 0.8179746050
32.5000000000 108.6378468454 -110.4226372958 -1.0906530986 0.0026522338 0.0003660815 -0.5752741045 0.8179563169
32.6000000000 109.0247505113 -111.1226340043 -1.0975180762 0.0027752831 0.0004089950 -0.5752579336 0.8179672612
32.7000000000 109.2865587166 -112.1183268560 -1.1616903198 0.0026334276 0.0004112120 -0.5752790318 0.8179528908
32.8000000000 109.2853989914 -113.2564794119 -1.1957640213 0.0022637707 0.0005241585 -0.5753131793 0.8179299153
32.9000000000 109.4850315042 -114.4216280420 -1.1894471635 0.0019968966 0.0005127608 -0.5753319960 0.8179173820
33.0000000000 109.9737073500 -115.2646353410 -1.1541065393 0.0021186220 0.0004422857 -0.5753283625 0.8179196728
33.1000000000 110.4117621729 -116.1677367995 -1.1022577114 0.0021385365 0.0003769577 -0.5753354639 0.8179146585
33.2000000000 110.6975452659 -116.9284237408 -1.1050047878 0.0021854524 0.0005057784 -0.5753339559 0.8179155257
33.3000000000 111.0902652805 -117.8457375777 -1.0201604951 0.0022065347 0.0004723922 -0.5753347080 0.8179149600
33.4000000000 111.5386932077 -118.7827083259 -1.1216653366 0.0021881638 0.0004118313 -0.5753604684 0.8178969212
33.5000000000 111.8756800386 -119.5303359123 -1.1664774048 0.0022879255 0.0005117004 -0.5753413977 0.8179100071
33.6000000000 112.1563274742 -120.3027056275 -1.2169701644 0.0023327114 0.0006274661 -0.5753280805 0.8179191675
33.7000000000 112.6225363486 -121.1842350140 -1.2231967573 0.0024054420 0.0005585021 -0.5753418268 0.8179093374
33.8000000000 113.0157894777 -122.3919036954 -1.2329516601 0.0022040371 0.0003882372 -0.5753705645 0.8178897878
33.9000000000 113.4025204820 -123.1583546166 -1.1622038824 0.0022960960 0.0004285255 -0.5753718345 0.8178886210
34.0000000000 113.4583701303 -124.4766942812 -1.1370347737 0.0018525627 0.0004285699 -0.5754245073 0.8178526889
34.1000000000 113.7155515828 -125.3911090966 -1.1190161101 0.0017885284 0.0004797523 -0.5754328753 0.8178469154
34.2000000000 114.2159487859 -126.0143621756 -1.1179633890 0.0020585358 0.0005127566 -0.5754096308 0.8178626146
34.3000000000 114.6936784852 -127.0166312009 -1.1154423657 0.0020272957 0.0003926849 -0.5754145425 0.8178593034
34.4000000000 115.0006593603 -127.9451840031 -1.0438799390 0.0019862462 0.0004025834 -0.5754234444 0.8178531362
34.5000000000 115.2476105269 -129.1168131978 -0.9906510175 0.0017446652 0.0003431908 -0.5754584297 0.8178290983
34.6000000000 115.5779555259 -130.2069337341 -0.9329833872 0.0015884344 0.0002526818 -0.5754733819 0.8178189285
34.7000000000 115.9505012279 -131.1964458206 -0.9131546999 0.0015109864 0.0001995155 -0.5754847502 0.8178110903
34.8000000000 116.5458056833 -132.2646767506 -0.8378219314 0.0015093638 -0.0000402189 -0.5754826047 0.8178126264
34.9000000000 117.0709147476 -133.2279118107 -0.8012136596 0.0015569902 -0.0001694665 -0.5754752908 0.8178176672
35.0000000000 117.5198798794 -134.3372301706 -0.8754461449 0.0014616793 -0.0003201354 -0.5754956001 0.8178035065
35.1000000000 117.7554145723 -135.3108941322 -0.7288980347 0.0013643032 -0.0002936282 -0.5755074347 0.8177953565
35.2000000000 117.7748028525 -136.2240803214 -0.7986942695 0.0012000694 -0.0000532023 -0.5755191735 0.8177874038
35.3000000000 117.9158492387 -137.4397764572 -0.7454845299 0.0008810036 -0.0000321332 -0.5755623748 0.8177574063
35.4000000000 118.3744635960 -138.4624725013 -0.8183166123 0.0008696773 -0.0001455442 -0.5755699946 0.8177520430
35.5000000000 118.4934780187 -139.2175874098 -0.8945599215 0.0008722756 0.0001025150 -0.5755799573 0.8177450345
35.6000000000 119.0536745766 -140.1290437335 -0.9161755381 0.0009685918 -0.0000448001 -0.5755726301 0.8177500885
35.7000000000 119.2757647610 -140.7576041106 -0.9579037190 0.0010791670 0.0002096043 -0.5755755501 0.8177478692
35.8000000000 119.6153421825 -141.9207329671 -1.0108680013 0.0009102652 0.0000678176 -0.5755937019 0.8177353222
35.9000000000 119.6100066850 -143.0585511677 -1.0616609443 0.0005897641 0.0002243001 -0.5756341532 0.8177071136
36.0000000000 119.6568430753 -144.1260078473 -1.0162899246 0.0003444699 0.0003496942 -0.5756699268 0.8176820252
36.1000000000 120.0507490805 -145.1704419734 -1.0429665292 0.0003102109 0.0002617356 -0.5756882098 0.8176691998
36.2000000000 120.3222034054 -146.0709467061 -1.0208742811 0.0002926235 0.0003069036 -0.5756991866 0.8176614622
36.3000000000 120.7424554932 -146.9277382805 -0.9776035079 0.0003774392 0.0002847792 -0.5757085471 0.8176548448
36.4000000000 121.1575361865 -147.9488785350 -0.9199986487 0.0003360306 0.0001815332 -0.5757040825 0.8176580358
36.5000000000 121.6996254393 -148.8922206049 -0.9263608186 0.0004268940 0.0000149383 -0.5756911998 0.8176670838
36.6000000000 122.0302072596 -149.8303799338 -0.8835233789 0.0004063656 0.0000108570 -0.5757043976 0.8176578021
36.7000000000 122.5388876008 -150.9306379038 -0.8474143456 0.0003522256 -0.0001884887 -0.5756920402 0.8176665061
36.8000000000 123.1555661207 -151.4093594886 -0.9427059620 0.0007865382 -0.0001422690 -0.5756498090 0.8176959450
36.9000000000 123.5540118846 -152.6416409313 -0.9347422708 0.0005836647 -0.0003287627 -0.5756742988 0.8176788202
37.0000000000 124.0079523695 -153.6012376295 -0.9164694182 0.0005977680 -0.0004124698 -0.5756784638 0.8176758397
37.1000000000 124.5073098198 -154.6221777051 -0.9828952488 0.0006035193 -0.0005625989 -0.5756791496 0.8176752632
37.2000000000 124.8304105242 -155.6411777417 -0.9246091823 0.0005139000 -0.0005719206 -0.5756887931 0.8176685284
37.3000000000 125.3064941776 -156.6402556795 -0.9865061760 0.0005421606 -0.0006852677 -0.5757011584 0.8176597169
37.4000000000 125.3905041941 -157.7364243291 -0.9918357908 0.0002914702 -0.0005850790 -0.5757207554 0.8176461242
37.5000000000 125.3733136074 -158.4567596177 -1.0099544077 0.0002368431 -0.0002071623 -0.5757360978 0.8176355219
37.6000000000 126.0160530746 -159.0845728217 -0.9083474338 0.0005913058 -0.0002614723 -0.5756991436 0.8176613468
37.7000000000 126.2530222753 -159.8725973079 -0.9756888772 0.0006327314 -0.0001002717 -0.5756908735 0.8176671742
37.8000000000 126.4255510048 -160.8628028641 -0.9074136462 0.0004953670 -0.0000083526 -0.5757166863 0.8176491005
37.9000000000 126.7921678441 -161.8304916543 -0.8512868953 0.0004627120 -0.0000505573 -0.5757292099 0.8176403000
38.0000000000 127.1586614910 -162.7153196598 -0.8766706297 0.0004979136 -0.0000549540 -0.5757374076 0.8176345067
38.1000000000 127.3738394491 -163.8510215217 -0.7375711444 0.0002923272 -0.0000477424 -0.5757660632 0.8176144279
38.2000000000 127.6771037757 -164.9444716021 -0.7719102137 0.0001399703 -0.0001128373 -0.5757806679 0.8176041770
38.3000000000 127.7925965234 -165.8798063994 -0.7748503429 0.0000060957 0.0000524225 -0.5757807430 0.8176041421
38.4000000000 128.2530567174 -166.8426576942 -0.8194027250 0.0000401310 -0.0000415987 -0.5757793506 0.8176051224
38.5000000000 128.5045321030 -167.9206836017 -0.7621522744 -0.0001156149 -0.0000751704 -0.5757900684 0.8175975649
38.6000000000 128.7838026652 -168.6695850323 -0.7977131221 -0.0000139867 0.0000578099 -0.5757719960 0.8176103015
38.7000000000 129.1158905794 -169.8339798916 -0.7659116798 -0.0001791633 -0.0000409842 -0.5757997346 0.8175907484
38.8000000000 129.1531636755 -171.1211557881 -0.7265382771 -0.0005669527 0.0000110661 -0.5758264872 0.8175717309
38.9000000000 129.4214952179 -172.1429879286 -0.6456450437 -0.0006664132 0.0000164234 -0.5758303468 0.8175689374
39.0000000000 129.6339550356 -172.9023949605 -0.6370297141 -0.0006021853 0.0001995937 -0.5758376111 0.8175638465
39.1000000000 130.4741707242 -173.9170989431 -0.6123550993 -0.0004012596 -0.0001951543 -0.5758289677 0.8175700587
39.2000000000 130.6417593857 -174.8541357428 -0.6268909010 -0.0004803825 -0.0000888829 -0.5758363428 0.8175648400
39.3000000000 130.7885134227 -175.9483071486 -0.5795889066 -0.0006801847 -0.0000576334 -0.5758514513 0.8175540594
39.4000000000 131.4449834393 -176.8362622601 -0.5286214409 -0.0004833434 -0.0002403234 -0.5758551302 0.8175515749
39.5000000000 131.5011065448 -177.6733026102 -0.4760936348 -0.0005533882 0.0000149088 -0.5758761287 0.8175367746
39.6000000000 131.6836125296 -178.4843497520 -0.4243739445 -0.0005392358 0.0001916712 -0.5758725433 0.8175392874
39.7000000000 132.0491110097 -179.4259845790 -0.3835083024 -0.0005085804 0.0001985617 -0.5758831480 0.8175318353
39.8000000000 132.1298452312 -180.4205634534 -0.3407717829 -0.0006660546 0.0003426680 -0.5758899393 0.8175268905
39.9000000000 132.2945550803 -181.4085985305 -0.2572436029 -0.0007784201 0.0004089708 -0.5758990186 0.8175203650
40.0000000000 132.5237121467 -182.3934871571 -0.1976646369 -0.0008457153 0.0004605458 -0.5759330954 0.8174962644
40.1000000000 132.5873159190 -183.2473966444 -0.1533882317 -0.0009049558 0.0006744786 -0.5759444375 0.8174880617
40.2000000000 132.7173467481 -184.2574090835 -0.0746071179 -0.0010442524 0.0007754399 -0.5759657712 0.8174727754
40.3000000000 132.6626441090 -185.1454325615 -0.1036342550 -0.0011831583 0.0010672324 -0.5759791254 0.8174628482
40.4000000000 132.9451632566 -186.2360978164 0.0065396010 -0.0013009521 0.0010178028 -0.5760074903 0.8174427459
40.5000000000 133.3165427102 -187.1741351685 0.0152873163 -0.0012582831 0.0009793671 -0.5760221370 0.8174325387
40.6000000000 133.9428089909 -188.1871556839 0.0371078847 -0.0011500539 0.0007157439 -0.5760024102 0.8174468720
40.7000000000 134.4552700115 -189.0842539273 0.1269694739 -0.0010298268 0.0006019078 -0.5760040063 0.8174459994
40.8000000000 134.7732511100 -190.1561435860 0.1746259532 -0.0011174141 0.0005476595 -0.5760138433 0.8174389908
40.9000000000 135.1549354055 -191.1625316612 0.1222785839 -0.0011243033 0.0004807643 -0.5760042084 0.8174458127
41.0000000000 135.7153165193 -192.3168575712 0.2536724518 -0.0011573465 0.0002059395 -0.5760039453 0.8174460674
41.1000000000 136.0795607925 -193.0540008975 0.2509966823 -0.0009823718 0.0002655754 -0.5760031315 0.8174468527
41.2000000000 136.5438621704 -194.2247430474 0.1956058278 -0.0010566760 0.0000694306 -0.5760046710 0.8174457154
41.3000000000 136.9959716292 -195.3736983900 0.1605629514 -0.0011437031 -0.0001050996 -0.5760154131 0.8174380250
41.4000000000 137.4656451368 -196.3578379441 0.1675148508 -0.0010943309 -0.0002172175 -0.5760077365 0.8174434799
41.5000000000 137.7513728526 -197.3095327667 0.2783952862 -0.0011096868 -0.0001811737 -0.5760113954 0.8174408897
41.6000000000 137.8299201430 -198.2573440102 0.2294981641 -0.0012189135 -0.0000018404 -0.5760275294 0.8174293851
41.7000000000 138.3963616472 -198.9768347465 0.3831561401 -0.0009227777 -0.0000570608 -0.5760338983 0.8174252830
41.8000000000 138.7733042972 -199.9322612341 0.3856181047 -0.0008944066 -0.0000915068 -0.5760385083 0.8174220627
41.9000000000 139.2379066016 -200.9923145650 0.4182369379 -0.0008957134 -0.0002219207 -0.5760448340 0.8174175785
42.0000000000 139.5897781435 -201.8985970139 0.4097886931 -0.0008495728 -0.0001881901 -0.5760448566 0.8174176203
42.1000000000 139.9771971192 -202.7761333116 0.3762554931 -0.0007674283 -0.0001864731 -0.5760617754 0.8174057788
42.2000000000 140.3621467125 -203.7889627068 0.3807420353 -0.0007790699 -0.0002510621 -0.5760738785 0.8173972208
42.3000000000 140.7778508281 -204.7190137540 0.3503904206 -0.0007103562 -0.0003038420 -0.5760844283 0.8173898302
42.4000000000 141.0161994686 -205.4047123044 0.3670664454 -0.0005760487 -0.0000935192 -0.5761010700 0.8173782579
42.5000000000 141.4397427196 -206.4055038654 0.3720425575 -0.0005598817 -0.0001787926 -0.5761005833 0.8173785980
42.6000000000 141.8307387186 -206.7507527056 0.3476014198 -0.0001074473 0.0000896861 -0.5760901524 0.8173861491
42.7000000000 141.8262253382 -207.6361036327 0.3063165307 -0.0002199186 0.0003705147 -0.5760786753 0.8173941364
42.8000000000 142.2001991852 -208.6314917292 0.2379328546 -0.0002353334 0.0003228877 -0.5760953778 0.8173823806
42.9000000000 142.7625182433 -209.4508274684 0.1885952739 -0.0000469540 0.0002157183 -0.5761010184 0.8173784729
43.0000000000 143.0550920847 -210.5336662006 0.2015655385 -0.0001782888 0.0002026631 -0.5760987719 0.8173800414
43.1000000000 143.7124688742 -211.3719486059 0.1904763430 0.0000610885 0.0000035589 -0.5760984724 0.8173802948
43.2000000000 144.2503769092 -212.5553589176 0.2364154603 -0.0000105283 -0.0002486930 -0.5761165622 0.8173675090
43.3000000000 144.1895294753 -213.5114487153 0.2764556760 -0.0002180123 0.0000389409 -0.5760944465 0.8173831046
43.4000000000 144.4626172969 -214.1935565715 0.2274494697 -0.0000843727 0.0002041971 -0.5760950673 0.8173826672
43.5000000000 144.9424011703 -214.9630452085 0.1639895210 0.0000942844 0.0001692470 -0.5760896679 0.8173864796
43.6000000000 145.3920031241 -215.8381876252 0.1178645619 0.0001843133 0.0001287132 -0.5760997579 0.8173793602
43.7000000000 145.6824728863 -216.8467474562 0.1570781185 0.0001197892 0.0001203756 -0.5760997346 0.8173793899
43.8000000000 146.0742055034 -217.8863572714 0.1182065760 0.0000914465 0.0000388338 -0.5761126415 0.8173703044
43.9000000000 146.5516587007 -218.4978328887 0.0706546689 0.0004024187 0.0001026552 -0.5761328516 0.8173559597
44.0000000000 147.1810496545 -219.6605101114 0.0555497502 0.0003777814 -0.0002135664 -0.5761590600 0.8173374758
44.1000000000 147.7540275841 -220.5797308076 0.1241665919 0.0004917170 -0.0003576432 -0.5761680952 0.8173309956
44.2000000000 148.1779378590 -221.3746187391 0.0523276359 0.0006368958 -0.0003333457 -0.5761615845 0.8173354953
44.3000000000 148.8427658353 -222.0016420584 0.1386622762 0.0010066759 -0.0003965681 -0.5761835115 0.8173196378
44.4000000000 148.9970797142 -222.8125876615 0.1917883812 0.0009874358 -0.0001793521 -0.5761730163 0.8173271365
44.5000000000 149.1197736078 -223.6454021762 0.2411825034 0.0009539015 0.0000314622 -0.5761787617 0.8173231452
44.6000000000 149.6773911274 -224.6723963308 0.2158766237 0.0010024564 -0.0001666481 -0.5761697897 0.8173293955
44.7000000000 149.8387116430 -225.7811583292 0.1733471740 0.0007763990 -0.0001231029 -0.5761580295 0.8173379394
44.8000000000 150.1616429795 -226.7477661472 0.2751808872 0.0007287350 -0.0001343737 -0.5761748826 0.8173261011
44.9000000000 150.3689634008 -227.5008416193 0.2146560508 0.0007740298 0.0000566775 -0.5761807119 0.8173219592
45.0000000000 150.7311352595 -228.1578436608 0.0624292546 0.0009810794 0.0001787558 -0.5762023546 0.8173064615
45.1000000000 150.4753296302 -228.9247097692 0.1210863297 0.0007798564 0.0006762678 -0.5762035808 0.8173055536
45.2000000000 151.1025121858 -229.9093042958 0.1174054916 0.0008737241 0.0004339567 -0.5762024591 0.8173064140
45.3000000000 151.2424192053 -231.0385518466 0.0279458444 0.0006259150 0.0004651952 -0.5762032923 0.8173060368
45.4000000000 151.7187237000 -231.9707177941 0.0790844732 0.0006682379 0.0003740155 -0.5762172060 0.8172962407
45.5000000000 151.9357417392 -233.3319207122 -0.0594355941 0.0002964453 0.0002242844 -0.5762087211 0.8173024969
45.6000000000 152.2188071157 -234.4703084954 -0.1729188909 0.0001348715 0.0001666742 -0.5762016309 0.8173075520
45.7000000000 152.5239080093 -235.2648156493 -0.1905142465 0.0002312326 0.0002469745 -0.5762015411 0.8173075734
45.8000000000 152.8312918710 -235.9788978467 -0.0550102623 0.0003580243 0.0003904606 -0.5762070613 0.8173035800
45.9000000000 152.9921185835 -237.0741441926 -0.0973375415 0.0001519138 0.0004137735 -0.5761891278 0.8173162758
46.0000000000 153.5826172749 -238.3326957750 -0.1373427668 0.0000604981 0.0000710482 -0.5761903346 0.8173155386
46.1000000000 154.2835187823 -239.0779524788 -0.0399871686 0.0003734919 -0.0000743060 -0.5761941250 0.8173127830
46.2000000000 154.6507904423 -240.0609014684 0.0338088090 0.0003337146 -0.0001103464 -0.5762059032 0.8173044926
46.3000000000 154.9400581446 -241.1628441715 0.1337245437 0.0001991989 -0.0001465618 -0.5762160923 0.8172973473
46.4000000000 154.8949417064 -241.9524037729 0.2417491498 0.0001214881 0.0002096249 -0.5761900304 0.8173157225
46.5000000000 154.8305524817 -242.9155255501 0.1772520674 -0.0000956586 0.0004759682 -0.5761826748 0.8173207997
46.6000000000 155.1261029606 -244.0285116851 0.1431349012 -0.0002446986 0.0004125856 -0.5761710428 0.8173290031
46.7000000000 155.4109287389 -245.2877356065 0.1925552402 -0.0004729696 0.0002782353 -0.5761768759 0.8173248476
46.8000000000 155.6830129732 -246.2586721216 0.2325683858 -0.0005418174 0.0003109399 -0.5761695737 0.8173299407
46.9000000000 156.2708353978 -247.3366798152 0.2945446615 -0.0005020014 0.0000880224 -0.5761769820 0.8173247982
47.0000000000 156.4537546990 -247.8836143799 0.2637428894 -0.0003147363 0.0003865461 -0.5761774492 0.8173244757
47.1000000000 156.5812448218 -248.8708449747 0.2440675840 -0.0004492349 0.0005006854 -0.5761644907 0.8173334859
47.2000000000 156.7686154463 -249.9840951284 0.2515657038 -0.0006437902 0.0005090521 -0.5761656654 0.8173325225
47.3000000000 157.3476180229 -250.8015826212 0.2893042278 -0.0004373965 0.0003938977 -0.5761814190 0.8173216172
47.4000000000 157.7084001066 -251.6400706647 0.2737894085 -0.0003293411 0.0004246130 -0.5761932297 0.8173133262
47.5000000000 158.0632643516 -252.5261093711 0.2678445619 -0.0002879982 0.0004454323 -0.5761922000 0.8173140568
47.6000000000 158.6478638831 -253.4978170665 0.3008181318 -0.0002064597 0.0002468022 -0.5762086973 0.8173025349
47.7000000000 158.7787923307 -254.4067611227 0.2029108500 -0.0002840608 0.0003724744 -0.5761896498 0.8173158925
47.8000000000 159.0539838147 -255.2614375289 0.1613789666 -0.0002599692 0.0004499159 -0.5761988910 0.8173093466
47.9000000000 158.9136019346 -256.3602972166 0.0789091702 -0.0005983613 0.0007134372 -0.5761822299 0.8173207271
48.0000000000 159.6577347229 -257.4580946284 0.1374740406 -0.0005044176 0.0003252449 -0.5762035169 0.8173060302
48.1000000000 160.0321752029 -258.3248862023 0.2300149925 -0.0004307279 0.0003166748 -0.5762161604 0.8172971618
48.2000000000 160.5418713016 -258.8560482116 0.2805776779 -0.0000601378 0.0003897029 -0.5762394479 0.8172808227
48.3000000000 160.7239932705 -259.8129338983 0.2734162067 -0.0001538678 0.0004882309 -0.5762286279 0.8172883863
48.4000000000 161.3399891685 -260.5745054183 0.2884983218 0.0000953193 0.0003673209 -0.5762414273 0.8172794341
48.5000000000 161.6590600270 -261.6308455171 0.3189393294 0.0000177135 0.0003111199 -0.5762505984 0.8172729965
48.6000000000 161.5917823856 -262.4795915302 0.3110449146 -0.0000988982 0.0006518971 -0.5762456548 0.8172762755
48.7000000000 161.7351964699 -263.2533370506 0.3084080947 -0.0000904014 0.0008773324 -0.5762365189 0.8172825071
48.8000000000 162.1657454641 -264.3580874420 0.3659420800 -0.0001724686 0.0007208666 -0.5762513170 0.8172722130
48.9000000000 162.3912319708 -265.2571037423 0.4726064225 -0.0001960618 0.0007915157 -0.5762418068 0.8172788479
49.0000000000 162.8909636190 -266.1208242341 0.5091299474 -0.0000519263 0.0006975720 -0.5762581548 0.8172674285
49.1000000000 163.3953994294 -267.2391423336 0.4270077460 -0.0001004772 0.0004801980 -0.5762732683 0.8172569238
49.2000000000 163.5681072371 -268.2257741750 0.3605436898 -0.0001961975 0.0005695752 -0.5762765661 0.8172545237
49.3000000000 163.8695399983 -269.2503524273 0.3991593182 -0.0002858951 0.0005201629 -0.5762706560 0.8172586976
49.4000000000 164.2958962395 -270.3035572423 0.3795385363 -0.0003108335 0.0004010844 -0.5762758763 0.8172550746
49.5000000000 164.7914793996 -271.4658508640 0.3852670649 -0.0003837246 0.0001729999 -0.5762861867 0.8172478534
49.6000000000 165.0937228908 -272.5232101792 0.3788101856 -0.0004796218 0.0001190022 -0.5762976123 0.8172397554
49.7000000000 165.2236775319 -273.3803071187 0.4324953840 -0.0005012086 0.0002963932 -0.5762929792 0.8172429645
49.8000000000 165.9076651392 -274.0060917808 0.3734284143 -0.0000936564 0.0001933299 -0.5764217912 0.8171522945
49.9000000000 166.4677142836 -274.9502242159 0.4388731325 0.0000159386 0.0000324474 -0.5780805138 0.8159797291
50.0000000000 166.6217673383 -276.1549466762 0.2795325667 -0.0002661677 -0.0000111118 -0.5817437657 0.8133720675
50.1000000000 167.1978113679 -276.9746060337 0.2834222597 -0.0000760872 -0.0001433927 -0.5874507846 0.8092598775
50.2000000000 167.6118607189 -277.9933307941 0.2302966464 -0.0000885747 -0.0003021042 -0.5951232532 0.8036343786
50.3000000000 167.9178329824 -279.1223434171 0.2721588385 -0.0002241916 -0.0004460987 -0.6047173962 0.7964399673
50.4000000000 168.3417458234 -279.7031549069 0.3419083416 0.0000971398 -0.0004140860 -0.6162355949 0.7875617504
50.5000000000 168.2517011745 -280.9521113154 0.3823918601 -0.0002897781 -0.0003883310 -0.6295142649 0.7769887744
50.6000000000 168.5519149928 -281.8725838804 0.4832573022 -0.0002250186 -0.0004910172 -0.6445512443 0.7645609209
50.7000000000 168.8059325459 -282.4931326543 0.5537760232 0.0000314748 -0.0003906703 -0.6612124220 0.7501986266
50.8000000000 168.6941173517 -283.6009096928 0.5705418419 -0.0002028326 -0.0003931669 -0.6785163965 0.7345851237
50.9000000000 168.7991427235 -284.8604539421 0.5629311928 -0.0003688122 -0.0006651551 -0.6953026365 0.7187166794
51.0000000000 168.6135152118 -285.7695714100 0.5587559189 -0.0004672471 -0.0005715529 -0.7111336031 0.7030565081
51.1000000000 168.6248161359 -286.7523187445 0.5741937858 -0.0004842645 -0.0006805513 -0.7259391966 0.6877583770
51.2000000000 168.5997254733 -287.5497480087 0.5652244488 -0.0003974489 -0.0006749628 -0.7397098553 0.6729254910
51.3000000000 168.4442488334 -288.5784224336 0.5408376770 -0.0005216843 -0.0007581258 -0.7524987736 0.6585930070
51.4000000000 168.1209349947 -289.4145506141 0.4637772410 -0.0006183813 -0.0006707726 -0.7643852495 0.6447591472
51.5000000000 168.0969720726 -290.3852551401 0.4143709925 -0.0005840527 -0.0008403507 -0.7754339248 0.6314278906
51.6000000000 167.8347378468 -291.5805474729 0.3398570030 -0.0008307438 -0.0010587845 -0.7856653405 0.6186502740
51.7000000000 167.7112609507 -292.5083809640 0.2896035552 -0.0008223047 -0.0012015620 -0.7952205329 0.6063185500
51.8000000000 167.4065823695 -293.2658173069 0.2156248767 -0.0008438892 -0.0011505916 -0.8040944498 0.5944998568
51.9000000000 167.0072784536 -293.9421812100 0.1232310456 -0.0008750282 -0.0010113532 -0.8123524769 0.5831652123
52.0000000000 166.6851162305 -294.5150152348 0.1142767455 -0.0007986131 -0.0008779163 -0.8200566268 0.5722811549
52.1000000000 166.3086742186 -295.1431112642 0.0066627596 -0.0008010182 -0.0007577203 -0.8272241571 0.5618709622
52.2000000000 165.9921020046 -296.0002855198 0.0005692830 -0.0008736718 -0.0008679174 -0.8338792174 0.5519455899
52.3000000000 165.7521061531 -296.4843377893 -0.0981231285 -0.0007061409 -0.0007687034 -0.8401334733 0.5423787030
52.4000000000 165.4230123048 -296.7093067213 -0.1800929483 -0.0005016765 -0.0004409145 -0.8459923011 0.5331946927
52.5000000000 165.4947540881 -297.5078553687 -0.1076487356 -0.0002686443 -0.0007113367 -0.8514088261 0.5245020807
52.6000000000 165.1306783836 -298.1842690986 -0.1007259888 -0.0003009668 -0.0007296205 -0.8564593326 0.5162138982
52.7000000000 164.8716285384 -298.7137909004 -0.0580535629 -0.0001849883 -0.0006704285 -0.8611959177 0.5082726705
52.8000000000 164.4268657342 -299.2054976265 -0.1381140871 -0.0001981657 -0.0005311510 -0.8656113916 0.5007160846
52.9000000000 164.3109677165 -299.8940740326 -0.1269801777 0.0000560815 0.0006910890 0.8697432405 -0.4935040171
53.0000000000 164.1991592599 -300.4054754086 -0.0241129360 -0.0001581381 0.0007212603 0.8736131264 -0.4866205504
53.1000000000 163.9314553654 -300.7824075895 0.0845468715 -0.0003159032 0.0005833394 0.8772487820 -0.4800355553
53.2000000000 163.8650417451 -301.2347871190 0.0609087913 -0.0005890006 0.0006244634 0.8806643761 -0.4737399284
53.3000000000 163.6018702448 -301.6768622825 0.1622367230 -0.0006785237 0.0005536418 0.8838374457 -0.4677933334
53.4000000000 163.1592539619 -302.2695373657 0.1880991950 -0.0005848242 0.0005297655 0.8867772155 -0.4621964381
53.5000000000 162.7369616063 -302.4400032954 0.1045446130 -0.0006750066 0.0002491483 0.8895995664 -0.4567407292
53.6000000000 162.3505526554 -303.1021120833 0.0177894155 -0.0005835398 0.0003618816 0.8921802329 -0.4516790459
53.7000000000 162.2063636264 -303.1965085586 -0.1158328003 -0.0009185287 0.0001599142 0.8947014570 -0.4466636693
53.8000000000 161.7704522923 -303.6011714872 -0.0503431910 -0.0008732928 0.0000570268 0.8969917679 -0.4420463804
53.9000000000 161.2697072946 -304.2979263804 -0.0006951506 -0.0006569156 0.0001789415 0.8991146215 -0.4377127297
54.0000000000 160.8697844087 -304.8760690180 -0.0012135098 -0.0005675521 0.0002458828 0.9011178839 -0.4335737270
54.1000000000 160.2616578729 -305.3768438035 0.0260287542 -0.0003574281 0.0001632073 0.9029890402 -0.4296634018
54.2000000000 159.7651559763 -305.7084168509 0.0213693181 -0.0002816430 0.0000199800 0.9047713208 -0.4258976137
54.3000000000 159.2098974865 -306.3169223093 -0.0167898094 -0.0000489856 0.0001049878 0.9064075854 -0.4224041615
54.4000000000 158.7668119995 -306.8780931921 -0.0007110363 0.0000701740 0.0001698647 0.9079565416 -0.4190642967
54.5000000000 158.2299669421 -307.4816884841 0.0357838218 0.0002737921 0.0002440010 0.9094005371 -0.4159213010
54.6000000000 157.9061466797 -307.9602809604 0.0249516444 0.0002778888 0.0003236195 0.9107964783 -0.4128554144
54.7000000000 157.7502599434 -308.3611295357 0.0195162380 0.0001337107 0.0003959360 0.9121342199 -0.4098914372
54.8000000000 157.6689129786 -308.7678526910 -0.0275341835 -0.0000499451 0.0005269778 0.9133947474 -0.4070746310
54.9000000000 157.3867937313 -309.5578252908 -0.0250161265 0.0000421529 0.0008579303 0.9145266607 -0.4045247200
55.0000000000 157.0988978598 -309.8727592206 -0.0716789727 -0.0000302212 0.0008288307 0.9156521110 -0.4019707997
55.1000000000 156.6209267420 -310.0364010807 -0.0755304957 -0.0000132312 0.0006166982 0.9167126945 -0.3995465620
55.2000000000 156.4171704282 -310.6881889220 -0.1299468359 -0.0000215807 0.0008742134 0.9176707749 -0.3973406400
55.3000000000 156.4347176104 -310.8731508370 -0.1738285815 -0.0003644196 0.0008532098 0.9186559121 -0.3950575330
55.4000000000 156.3560488382 -311.3129712166 -0.2753524855 -0.0005625988 0.0009985288 0.9195488776 -0.3929739790
55.5000000000 156.0573033754 -311.5951924261 -0.2458003104 -0.0006238385 0.0009298820 0.9203907368 -0.3909982581
55.6000000000 155.7368219022 -311.8223535655 -0.2693032266 -0.0006819029 0.0008121440 0.9211918810 -0.3891071751
55.7000000000 155.2440020753 -312.2774766006 -0.2964875905 -0.0005456501 0.0008212311 0.9219070822 -0.3874098084
55.8000000000 154.8569216779 -312.2114168601 -0.3678466362 -0.0006344872 0.0004684702 0.9226503199 -0.3856368307
55.9000000000 154.1411684662 -312.6712151490 -0.3011603407 -0.0003096485 0.0004053317 0.9232602267 -0.3841748217
56.0000000000 153.6080897048 -313.1525628560 -0.1751248551 -0.0001117797 0.0004350012 0.9238472534 -0.3827610882
56.1000000000 153.3961921242 -313.2876940615 0.0067580069 -0.0002824767 0.0002770141 0.9244816452 -0.3812263517
56.2000000000 152.9816350256 -313.8867193719 0.0633695271 -0.0001451320 0.0004422007 0.9250016122 -0.3799628939
56.3000000000 152.6272907941 -314.4744311352 0.1032717174 -0.0000974136 0.0006170723 0.9255030534 -0.3787396308
56.4000000000 152.1244200631 -314.7799430719 0.0423966360 0.0000054555 0.0005165817 0.9259922667 -0.3775421236
56.5000000000 151.9720444883 -315.2894326221 0.0739489446 -0.0001143131 0.0006966800 0.9264633328 -0.3763843707
56.6000000000 151.6925188435 -315.8521753549 -0.0299858323 -0.0000957418 0.0008770128 0.9268873653 -0.3753385588
56.7000000000 151.3126816052 -316.3524305862 0.1528881464 -0.0000179732 0.0009510335 0.9272910649 -0.3743399207
56.8000000000 151.1099533004 -317.0616245780 0.1980190857 -0.0000252022 0.0012578031 0.9276723199 -0.3733932033
56.9000000000 150.8748695204 -317.3724208569 0.1966526147 -0.0001512516 0.0012299289 0.9280686509 -0.3724070939
57.0000000000 150.6484478500 -317.8994428626 0.1202072851 -0.0002174953 0.0013925297 0.9284296060 -0.3715056934
57.1000000000 150.4026153406 -318.2972373520 0.1063391144 -0.0002871476 0.0014467647 0.9287791070 -0.3706308067
57.2000000000 150.0824086589 -318.3895238842 0.0255334107 -0.0003882619 0.0012168798 0.9291333503 -0.3697425940
57.3000000000 150.0834951446 -318.6010050696 0.0525322728 -0.0007017265 0.0012119815 0.9294863621 -0.3688538211
57.4000000000 149.5789668252 -318.8636996714 0.0811499556 -0.0006030393 0.0010822717 0.9297685597 -0.3681424867
57.5000000000 149.0787843423 -318.9722620834 0.0613054432 -0.0005775745 0.0008178869 0.9300460475 -0.3674416239
57.6000000000 148.4591715423 -319.0633074156 -0.0335726783 -0.0004551788 0.0005185648 0.9302980133 -0.3668039400
57.7000000000 148.1147940129 -319.4426872069 -0.0475335752 -0.0004657344 0.0005341436 0.9305391809 -0.3661916582
57.8000000000 147.6157014876 -319.9327604769 -0.0790392854 -0.0003270193 0.0005885107 0.9307454197 -0.3656672128
57.9000000000 147.0745377142 -320.2293644962 -0.1284187188 -0.0001891955 0.0004927684 0.9309539659 -0.3651361866
58.0000000000 146.6839951237 -320.2562114598 -0.2045014446 -0.0002568824 0.0002277392 0.9311931833 -0.3645259080
58.1000000000 146.3197650730 -320.7544700147 -0.1537697152 -0.0002245565 0.0003527267 0.9313758953 -0.3640587409
58.2000000000 146.0019318785 -320.7265151010 -0.1363846367 -0.0003743911 0.0000653112 0.9316008505 -0.3634827519
58.3000000000 146.0433097862 -320.8916668822 -0.1572190961 -0.0007352686 0.0000440722 0.9318275026 -0.3629007618
58.4000000000 145.8684609288 -321.4839531181 -0.2152750023 -0.0007956994 0.0003026904 0.9319896932 -0.3624837748
58.5000000000 145.5580638565 -321.6413354612 -0.1890155076 -0.0008900686 0.0001643299 0.9321723023 -0.3620137836
58.6000000000 145.1913144551 -322.1614985310 -0.0442706592 -0.0007991364 0.0003004048 0.9323017071 -0.3616805194
58.7000000000 144.6657635418 -322.5239696684 -0.0346575272 -0.0006636821 0.0002656297 0.9324327285 -0.3613429061
58.8000000000 144.4911989915 -323.1113007282 -0.1289210485 -0.0007418837 0.0005246764 0.9325625624 -0.3610072596
58.9000000000 143.8872886596 -323.3504513965 -0.1558692262 -0.0005867419 0.0003634323 0.9326742196 -0.3607191759
59.0000000000 143.6690638179 -323.7511038434 -0.0943447745 -0.0006842080 0.0004546282 0.9327980606 -0.3603985340
59.1000000000 143.6806673512 -324.0712747920 -0.0958290850 -0.0009888700 0.0005464834 0.9329456687 -0.3600154201
59.2000000000 142.9206826125 -324.5668262882 -0.0878001872 -0.0006277242 0.0005246155 0.9330115753 -0.3598454268
59.3000000000 142.2885320357 -324.8506582137 -0.1060580161 -0.0004291704 0.0003782079 0.9330981861 -0.3596212560
59.4000000000 141.9670361273 -325.0117084778 -0.0918722517 -0.0005137607 0.0002287029 0.9332123029 -0.3593250360
59.5000000000 141.6249834202 -325.6924290747 -0.0517548944 -0.0004242822 0.0005034177 0.9332891250 -0.3591252925
59.6000000000 141.0546371086 -326.0737416612 0.0432942732 -0.0002546608 0.0004804133 0.9333625224 -0.3589346822
59.7000000000 140.6706168257 -326.0731028604 0.1088597484 -0.0003112977 0.0002155546 0.9334673621 -0.3586621537
59.8000000000 140.2185180421 -326.7268526228 0.1951604758 -0.0001473100 0.0004282106 0.9335264925 -0.3585081347
59.9000000000 139.9523355986 -327.0179433440 0.1850335988 -0.0002558449 0.0003993776 0.9336103396 -0.3582896997
60.0000000000 139.6716239136 -327.3879939219 0.1390662805 -0.0003060474 0.0004477815 0.9336853782 -0.3580940104
60.1000000000 139.1977317582 -327.5980784681 0.0705705540 -0.0002650383 0.0003047204 0.9337516188 -0.3579214319
60.2000000000 139.0350359505 -327.9054911154 -0.0600053356 -0.0004383445 0.0003351338 0.9338345232 -0.3577048768
60.3000000000 138.4662789567 -328.5633888231 -0.0734576697 -0.0001893497 0.0005136518 0.9338737255 -0.3576025238
60.4000000000 138.0680531631 -328.6323659577 -0.1539592934 -0.0002386976 0.0002879059 0.9339438611 -0.3574195356
60.5000000000 137.5797650143 -328.7911856677 -0.1373961812 -0.0002070254 0.0000917365 0.9339997754 -0.3572735202
60.6000000000 137.4071635464 -329.3797908542 -0.2429516876 -0.0002941754 0.0003526853 0.9340566633 -0.3571245425
60.7000000000 136.8934768919 -329.8974998932 -0.2860504743 -0.0001162920 0.0004349239 0.9340973731 -0.3570180597
60.8000000000 136.7686399776 -330.2825721333 -0.3145594370 -0.0003023546 0.0005369034 0.9341536167 -0.3568706219
60.9000000000 136.8310968753 -330.5530595839 -0.3281287872 -0.0006651229 0.0006246538 0.9342251401 -0.3566827091
61.0000000000 136.6134671184 -330.6957884360 -0.3627954064 -0.0008266381 0.0004995144 0.9342783681 -0.3565431223
61.1000000000 136.1197579238 -331.1265029093 -0.3537625664 -0.0006944135 0.0005261452 0.9343064466 -0.3564697810
61.2000000000 135.8201667702 -331.5793135389 -0.4069015421 -0.0007282609 0.0006349070 0.9343443248 -0.3563702419
61.3000000000 135.7606432701 -331.7862885977 -0.4931050045 -0.0010086328 0.0006088970 0.9344002241 -0.3562230103
61.4000000000 135.5374890642 -332.2647359184 -0.4777122896 -0.0010834343 0.0007559252 0.9344383097 -0.3561225914
61.5000000000 135.0382157128 -332.2328424100 -0.4699584594 -0.0010627597 0.0004108474 0.9344740412 -0.3560294482
61.6000000000 134.6428754096 -332.8618388641 -0.4935995720 -0.0009415288 0.0006218160 0.9344962624 -0.3559711540
61.7000000000 134.7896027722 -332.9773551218 -0.5005985793 -0.0014158974 0.0005852619 0.9345548518 -0.3558157975
61.8000000000 134.4391517657 -333.3681077215 -0.4828531177 -0.0013927080 0.0006189501 0.9345885847 -0.3557272193
61.9000000000 133.7401035971 -333.8615215458 -0.4532590421 -0.0010432275 0.0006243891 0.9345994610 -0.3556998302
62.0000000000 133.4350073168 -333.9209065396 -0.4326251310 -0.0011469044 0.0004109071 0.9346324103 -0.3556132356
62.1000000000 132.6988095627 -334.0855560717 -0.5003102725 -0.0009037020 0.0001445634 0.9346498905 -0.3555681996
62.2000000000 132.1410062940 -334.3612234755 -0.4587165576 -0.0007483081 0.0000495724 0.9346679627 -0.3555210782
62.3000000000 131.9559968039 -334.4238393673 -0.4585294220 -0.0009932146 -0.0000968170 0.9346995871 -0.3554373167
62.4000000000 131.6495755382 -334.3346705746 -0.3823810909 -0.0011454689 -0.0004119029 0.9347258869 -0.3553674643
62.5000000000 131.3575360300 -334.9121091245 -0.2424784634 -0.0010956447 -0.0001975867 0.9347493741 -0.3553060204
62.6000000000 130.7800085525 -334.9389795403 -0.2221983492 -0.0010223005 -0.0005209074 0.9347703040 -0.3552508441
62.7000000000 130.4474123703 -335.5788518453 -0.1109898240 -0.0009411016 -0.0002586868 0.9347893736 -0.3552011745
62.8000000000 130.0542565372 -336.1224285043 -0.1498890934 -0.0008287794 -0.0001049794 0.9348167262 -0.3551295405
62.9000000000 129.5780553693 -336.8939672839 -0.1736622002 -0.0006195670 0.0002161213 0.9348331645 -0.3550866430
63.0000000000 129.3226221367 -337.2481949326 -0.2234944117 -0.0006850386 0.0002594581 0.9348500705 -0.3550419822
63.1000000000 129.2243380210 -337.7154083201 -0.2580213792 -0.0008373702 0.0004249906 0.9348705379 -0.3549875991
63.2000000000 128.9616345936 -337.7924952878 -0.3773061727 -0.0009818981 0.0002508904 0.9348797170 -0.3549632201
63.3000000000 128.4003462172 -337.9979872228 -0.4707283279 -0.0008534134 0.0000706671 0.9348861466 -0.3549466995
63.4000000000 128.1653750645 -338.4471411473 -0.5106316011 -0.0008885405 0.0002018088 0.9348968991 -0.3549182409
63.5000000000 127.6611488013 -338.7292342245 -0.4239560693 -0.0007820629 0.0001062608 0.9349097569 -0.3548846622
63.6000000000 127.1112568274 -338.9828921052 -0.4801995126 -0.0006245094 -0.0000199126 0.9349183405 -0.3548623764
63.7000000000 127.0738666936 -339.2758686902 -0.4609075515 -0.0008829249 0.0000680291 0.9349316755 -0.3548266873
63.8000000000 126.9426774284 -339.4286258636 -0.4011544084 -0.0011100301 -0.0000091372 0.9349279170 -0.3548359590
