0.1000000000 7.7928083920 -11.8495993303 -2.3827440547 0.0000000000 0.0000000000 0.0000000000 1.0000000000
0.2000000000 -4.3294363947 1.2392046610 -5.8599131598 0.0000000000 0.0000000000 0.0000000000 1.0000000000
0.3000000000 -7.7805683238 3.2889291496 -14.0005114735 0.0000000000 0.0000000000 0.0000000000 1.0000000000
0.4000000000 -4.8676499635 -5.2149164793 -2.3734009255 0.0000000000 0.0000000000 0.0000000000 1.0000000000
0.5000000000 -5.6198233373 -0.2997726836 0.4665678039 0.0000000000 0.0000000000 0.0000000000 1.0000000000
0.6000000000 6.8672593550 3.5402046139 -3.2345871846 0.0000000000 0.0000000000 0.0000000000 1.0000000000
0.7000000000 3.6357666076 -1.0293192999 -0.6742487464 0.0000000000 0.0000000000 0.0000000000 1.0000000000
0.8000000000 3.8969985934 9.2480913180 3.4657840847 0.0000000000 0.0000000000 0.0000000000 1.0000000000
0.9000000000 4.9370375026 3.4933337776 6.7651735977 0.0000000000 0.0000000000 0.0000000000 1.0000000000
1.0000000000 7.6728864113 -3.1414144871 -7.4337065851 0.0000000000 0.0000000000 0.0000000000 1.0000000000
1.1000000000 1.4226340046 -2.0813896167 8.8141710844 0.0000000000 0.0000000000 0.0000000000 1.0000000000
1.2000000000 2.5294538287 -6.9601971333 8.7537308988 0.0000000000 0.0000000000 0.0000000000 1.0000000000
1.3000000000 6.8729377424 -3.5100133274 3.0207135209 0.0000000000 0.0000000000 0.0000000000 1.0000000000
1.4000000000 -0.2527727711 -11.2909288746 -13.1420059342 0.0000000000 0.0000000000 0.0000000000 1.0000000000
1.5000000000 4.7062600052 6.1637315031 -2.1940297071 0.0000000000 0.0000000000 0.0000000000 1.0000000000
1.6000000000 2.1693437369 6.8163692075 -12.9968347408 0.0000000000 0.0000000000 0.0000000000 1.0000000000
1.7000000000 1.9030984290 3.0810461194 -0.5464255029 0.0000000000 0.0000000000 0.0000000000 1.0000000000
1.8000000000 4.5803540425 -0.7057038097 15.7548818441 0.0000000000 0.0000000000 0.0000000000 1.0000000000
1.9000000000 -5.2040919544 -0.1640421689 2.8307156120 0.0000000000 0.0000000000 0.0000000000 1.0000000000
2.0000000000 -2.2410334427 -3.7902819654 -5.9047019558 0.0000000000 0.0000000000 0.0000000000 1.0000000000
2.1000000000 7.4011762282 -2.9213849210 0.7694354276 0.0000000000 0.0000000000 0.0000000000 1.0000000000
2.2000000000 12.8554504294 2.8615632247 8.7332711686 0.0000000000 0.0000000000 0.0000000000 1.0000000000
2.3000000000 4.3954878027 -3.4881482599 3.2707714212 0.0000000000 0.0000000000 0.0000000000 1.0000000000
2.4000000000 0.5957853332 -2.1517103560 7.2179505825 0.0000000000 0.0000000000 0.0000000000 1.0000000000
2.5000000000 2.9340351902 -3.9908221838 -5.5862082718 0.0000000000 0.0000000000 0.0000000000 1.0000000000
2.6000000000 2.9722498417 -1.5038953213 -2.0348932370 0.0000000000 0.0000000000 0.0000000000 1.0000000000
2.7000000000 3.4948201493 -8.7743972156 -1.6269441783 0.0000000000 0.0000000000 0.0000000000 1.0000000000
2.8000000000 10.4954798418 2.0636576983 9.7356553478 0.0000000000 0.0000000000 0.0000000000 1.0000000000
2.9000000000 -0.8889028395 -2.1177496996 -5.5179139664 0.0000000000 0.0000000000 0.0000000000 1.0000000000
3.0000000000 2.4931941528 4.2007555559 9.6548971309 0.0000000000 0.0000000000 0.0000000000 1.0000000000
3.1000000000 5.9118787554 1.0831606427 -0.5346490731 0.0000000000 0.0000000000 0.0000000000 1.0000000000
3.2000000000 2.1165775264 7.1578374319 -4.3664838113 0.0000000000 0.0000000000 0.0000000000 1.0000000000
3.3000000000 10.3596156119 -3.0919177543 2.7139460576 0.0000000000 0.0000000000 0.0000000000 1.0000000000
3.4000000000 2.3940536135 -3.2107021498 1.8250735466 0.0000000000 0.0000000000 0.0000000000 1.0000000000
3.5000000000 -4.0976096606 7.4151577554 12.9255974012 0.0000000000 0.0000000000 0.0000000000 1.0000000000
3.6000000000 -2.7564787296 1.1838108047 14.1255085326 0.0000000000 0.0000000000 0.0000000000 1.0000000000
3.7000000000 1.5650144993 -2.9102220713 3.8385556035 0.0000000000 0.0000000000 0.0000000000 1.0000000000
3.8000000000 12.9076817181 -2.0681065178 2.5187901332 0.0000000000 0.0000000000 0.0000000000 1.0000000000
3.9000000000 2.6137168173 -2.4446103923 9.2221948979 0.0000000000 0.0000000000 0.0000000000 1.0000000000
4.0000000000 2.7925145214 -1.8438452214 -2.9267316333 0.0000000000 0.0000000000 0.0000000000 1.0000000000
4.1000000000 8.0357743837 5.6011258243 11.8204831355 0.0000000000 0.0000000000 0.0000000000 1.0000000000
4.2000000000 11.3826929689 -3.7565869985 0.4600685902 0.0000000000 0.0000000000 0.0000000000 1.0000000000
4.3000000000 4.5364310991 7.7142816553 3.8131072337 0.0000000000 0.0000000000 0.0000000000 1.0000000000
4.4000000000 11.9151067182 -1.6947272186 2.9727132636 0.0000000000 0.0000000000 0.0000000000 1.0000000000
4.5000000000 12.1272044671 -0.0079522387 4.4109191314 0.0000000000 0.0000000000 0.0000000000 1.0000000000
4.6000000000 4.2593488468 -1.5381749154 5.9066114835 0.0000000000 0.0000000000 0.0000000000 1.0000000000
4.7000000000 2.9987498096 -9.5280532183 -7.9700583776 0.0000000000 0.0000000000 0.0000000000 1.0000000000
4.8000000000 12.5133442406 -2.2638341334 -2.2060754282 0.0000000000 0.0000000000 0.0000000000 1.0000000000
4.9000000000 9.0433926681 -8.0800122645 5.8848262748 0.0000000000 0.0000000000 0.0000000000 1.0000000000
5.0000000000 23.4842829798 5.2959510602 -6.5128287785 0.0000000000 0.0000000000 0.0000000000 1.0000000000
5.1000000000 5.5942544490 1.2017886940 -8.1712740688 0.0000000000 0.0000000000 0.0000000000 1.0000000000
5.2000000000 16.6074655222 1.2004882976 2.7243269013 0.0000000000 0.0000000000 0.0000000000 1.0000000000
5.3000000000 15.7258644047 1.2907616702 4.1942994394 0.0000000000 0.0000000000 0.0000000000 1.0000000000
5.4000000000 8.3337845719 3.1981871970 -4.7297605561 0.0000000000 0.0000000000 0.0000000000 1.0000000000
5.5000000000 17.9345090007 4.5013710657 -1.5207481458 0.0000000000 0.0000000000 0.0000000000 1.0000000000
5.6000000000 18.8534953023 -5.7494955863 -5.0757320564 0.0000000000 0.0000000000 0.0000000000 1.0000000000
5.7000000000 15.3302307458 -0.2452506062 -15.0417130427 0.0000000000 0.0000000000 0.0000000000 1.0000000000
5.8000000000 21.1236430323 3.0343327293 4.5200157366 0.0000000000 0.0000000000 0.0000000000 1.0000000000
5.9000000000 12.4017357092 -3.3538712014 -14.0365042874 0.0000000000 0.0000000000 0.0000000000 1.0000000000
6.0000000000 14.3055944367 -0.3793958582 1.9490312448 0.0000000000 0.0000000000 0.0000000000 1.0000000000
6.1000000000 22.5867370266 -4.7537994989 6.2209338192 0.0000000000 0.0000000000 0.0000000000 1.0000000000
6.2000000000 27.9924106736 4.6406044584 3.4525697710 0.0000000000 0.0000000000 0.0000000000 1.0000000000
6.3000000000 19.0939656897 8.8988948261 -2.4561436689 0.0000000000 0.0000000000 0.0000000000 1.0000000000
6.4000000000 28.8106440191 -3.5212487096 -5.7599881873 0.0000000000 0.0000000000 0.0000000000 1.0000000000
6.5000000000 13.8971377097 -2.0465324020 10.8851769236 0.0000000000 0.0000000000 0.0000000000 1.0000000000
6.6000000000 23.6621159546 -9.1942755009 11.0918689546 0.0000000000 0.0000000000 0.0000000000 1.0000000000
6.7000000000 26.0703003659 -0.3549673081 -3.7217047790 0.0000000000 0.0000000000 0.0000000000 1.0000000000
6.8000000000 8.5929222223 -7.6861094238 7.3877421908 0.0000000000 0.0000000000 0.0000000000 1.0000000000
6.9000000000 33.5891970838 9.9605920093 -2.0437832764 0.0000000000 0.0000000000 0.0000000000 1.0000000000
7.0000000000 29.6198053338 1.0842614673 -8.5725901072 0.0000000000 0.0000000000 0.0000000000 1.0000000000
7.1000000000 27.2159172966 -3.2003309296 1.6883990638 0.0000000000 0.0000000000 0.0000000000 1.0000000000
7.2000000000 25.7187072232 6.0038512511 -6.9098670528 0.0000000000 0.0000000000 0.0000000000 1.0000000000
7.3000000000 31.4280517005 -1.1234286449 -0.6642918560 0.0000000000 0.0000000000 0.0000000000 1.0000000000
7.4000000000 26.1674992999 -7.9727664958 -11.8436804637 0.0000000000 0.0000000000 0.0000000000 1.0000000000
7.5000000000 25.8756626279 -2.2552813701 -9.2699974654 0.0000000000 0.0000000000 0.0000000000 1.0000000000
7.6000000000 23.6397951996 -6.2754081019 -2.1622525656 0.0000000000 0.0000000000 0.0000000000 1.0000000000
7.7000000000 22.4260556281 -2.3801227203 1.2194619626 0.0000000000 0.0000000000 0.0000000000 1.0000000000
7.8000000000 29.5357805965 -5.8491593488 -9.0408587159 0.0000000000 0.0000000000 0.0000000000 1.0000000000
7.9000000000 30.4103492327 6.4939792064 -1.9366492897 0.0000000000 0.0000000000 0.0000000000 1.0000000000
8.0000000000 38.9838207470 0.8184551919 -0.3275970113 0.0000000000 0.0000000000 0.0000000000 1.0000000000
8.1000000000 35.5141887460 2.7364556414 -8.1848546512 0.0000000000 0.0000000000 0.0000000000 1.0000000000
8.2000000000 32.0208318018 -3.0603731580 3.4318353443 0.0000000000 0.0000000000 0.0000000000 1.0000000000
8.3000000000 35.4920767630 -7.6777681104 5.0009415927 0.0000000000 0.0000000000 0.0000000000 1.0000000000
8.4000000000 34.2979246697 5.1126458788 1.3660372681 0.0000000000 0.0000000000 0.0000000000 1.0000000000
8.5000000000 33.1460783372 -0.5411570611 1.1209310789 0.0000000000 0.0000000000 0.0000000000 1.0000000000
8.6000000000 29.2804593468 1.3166776601 5.2963176229 0.0000000000 0.0000000000 0.0000000000 1.0000000000
8.7000000000 33.0677651703 -4.4315673692 -0.0785585527 0.0000000000 0.0000000000 0.0000000000 1.0000000000
8.8000000000 37.3851332977 -0.8124682300 -8.4884329480 0.0000000000 0.0000000000 0.0000000000 1.0000000000
8.9000000000 44.1249495898 9.6117752739 4.5275240611 0.0000000000 0.0000000000 0.0000000000 1.0000000000
9.0000000000 40.3853097781 -1.9512423506 5.6158530428 0.0000000000 0.0000000000 0.0000000000 1.0000000000
9.1000000000 43.8864825476 -5.1984282724 0.9140873691 0.0000000000 0.0000000000 0.0000000000 1.0000000000
9.2000000000 30.1354848399 -2.0068651678 1.9226164677 0.0000000000 0.0000000000 0.0000000000 1.0000000000
9.3000000000 42.9640863834 -1.4276616426 -2.1464631549 0.0000000000 0.0000000000 0.0000000000 1.0000000000
9.4000000000 40.5222692891 3.5518236663 0.6782496352 0.0000000000 0.0000000000 0.0000000000 1.0000000000
9.5000000000 43.8846941910 2.2831592707 -5.8515072419 0.0000000000 0.0000000000 0.0000000000 1.0000000000
9.6000000000 45.3866853000 -0.5448952327 7.9747820097 0.0000000000 0.0000000000 0.0000000000 1.0000000000
9.7000000000 51.3039464874 2.2592365423 -10.9464676068 0.0000000000 0.0000000000 0.0000000000 1.0000000000
9.8000000000 43.0142165513 -0.9729478772 7.5194707271 0.0000000000 0.0000000000 0.0000000000 1.0000000000
9.9000000000 41.8376799362 6.7303322298 -4.4165905566 0.0000000000 0.0000000000 0.0000000000 1.0000000000
10.0000000000 50.6584966659 1.9189141731 2.8075466160 0.0000000000 0.0000000000 0.0000000000 1.0000000000
10.1000000000 54.4563282562 2.3678559807 6.1770121727 0.0000000000 0.0000000000 0.0000000000 1.0000000000
10.2000000000 46.6434725769 -4.6253536047 -0.9192385591 0.0000000000 0.0000000000 0.0000000000 1.0000000000
10.3000000000 55.5068127798 -8.8831214478 3.3159808253 0.0000000000 0.0000000000 0.0000000000 1.0000000000
10.4000000000 55.1595202856 -0.7555094127 -7.7823152681 0.0000000000 0.0000000000 0.0000000000 1.0000000000
10.5000000000 53.9476744886 -3.0663325095 -7.3790818399 0.0000000000 0.0000000000 0.0000000000 1.0000000000
10.6000000000 60.0887767728 2.9152397567 -6.6825916632 0.0000000000 0.0000000000 0.0000000000 1.0000000000
10.7000000000 67.6680462354 4.2462437627 -4.9415889265 0.0000000000 0.0000000000 0.0000000000 1.0000000000
10.8000000000 63.7536073068 -14.2812363706 2.0452000917 0.0000000000 0.0000000000 0.0000000000 1.0000000000
10.9000000000 61.5168910447 -5.9591514953 9.2369998745 0.0000000000 0.0000000000 0.0000000000 1.0000000000
11.0000000000 60.5030481003 -2.1790423412 -4.1266630553 0.0000000000 0.0000000000 0.0000000000 1.0000000000
11.1000000000 54.1164755990 0.7058679938 9.6856326210 0.0000000000 0.0000000000 0.0000000000 1.0000000000
11.2000000000 60.2001397961 -6.8874699219 -1.0173355345 0.0000000000 0.0000000000 0.0000000000 1.0000000000
11.3000000000 57.1945023495 -2.6036530051 -6.2124834784 0.0000000000 0.0000000000 0.0000000000 1.0000000000
11.4000000000 56.8631201141 2.4972923867 -2.2689657099 0.0000000000 0.0000000000 0.0000000000 1.0000000000
11.5000000000 53.6554255230 -2.9282808851 3.4647308509 0.0000000000 0.0000000000 0.0000000000 1.0000000000
11.6000000000 69.6544224902 -4.3421129968 -8.2888259737 0.0000000000 0.0000000000 0.0000000000 1.0000000000
11.7000000000 62.2370282914 -2.4688868887 10.1063332966 0.0000000000 0.0000000000 0.0000000000 1.0000000000
11.8000000000 69.1097806401 -3.6408224458 -8.1871784245 0.0000000000 0.0000000000 0.0000000000 1.0000000000
11.9000000000 56.7853766693 -7.5419002007 14.5670948731 0.0000000000 0.0000000000 0.0000000000 1.0000000000
12.0000000000 67.5641896548 -5.4015881626 5.8833920224 0.0000000000 0.0000000000 0.0000000000 1.0000000000
12.1000000000 69.2175490157 -9.2159441239 -7.9379305525 0.0000000000 0.0000000000 0.0000000000 1.0000000000
12.2000000000 70.2019117483 -9.6094496156 -0.1269749770 0.0000000000 0.0000000000 0.0000000000 1.0000000000
12.3000000000 68.1951782031 -6.4467216754 -6.7376008047 0.0000000000 0.0000000000 0.0000000000 1.0000000000
12.4000000000 60.0812430826 -4.7446871254 7.2149649712 0.0000000000 0.0000000000 0.0000000000 1.0000000000
12.5000000000 65.6703412424 -14.4286459378 3.6998981696 0.0000000000 0.0000000000 0.0000000000 1.0000000000
12.6000000000 66.8825801248 -4.5337795261 0.9953192440 0.0000000000 0.0000000000 0.0000000000 1.0000000000
12.7000000000 65.1184811174 -13.1864089500 -5.6686286573 0.0000000000 0.0000000000 0.0000000000 1.0000000000
12.8000000000 76.4433366985 -10.1283218623 -3.2423868942 0.0000000000 0.0000000000 0.0000000000 1.0000000000
12.9000000000 67.9494786262 -7.4330171575 12.7484439760 0.0000000000 0.0000000000 0.0000000000 1.0000000000
13.0000000000 60.4747477055 -12.5504542741 0.7031249511 0.0000000000 0.0000000000 0.0000000000 1.0000000000
13.1000000000 72.7739620523 -6.9507158571 -0.4732505920 0.0000000000 0.0000000000 0.0000000000 1.0000000000
13.2000000000 77.0023696861 -9.6276649425 10.3704339743 0.0000000000 0.0000000000 0.0000000000 1.0000000000
13.3000000000 71.2323359286 -16.0108480315 4.3521677868 0.0000000000 0.0000000000 0.0000000000 1.0000000000
13.4000000000 75.2793782636 -3.8770955945 3.2058519596 0.0000000000 0.0000000000 0.0000000000 1.0000000000
13.5000000000 73.8850623378 -14.3013590823 -1.1358172449 0.0000000000 0.0000000000 0.0000000000 1.0000000000
13.6000000000 70.1180387632 -17.3135644745 -0.0378487355 0.0000000000 0.0000000000 0.0000000000 1.0000000000
13.7000000000 75.0276963452 -22.4259803585 -0.1018886536 0.0000000000 0.0000000000 0.0000000000 1.0000000000
13.8000000000 67.5431207860 -14.8955709790 -8.0477088844 0.0000000000 0.0000000000 0.0000000000 1.0000000000
13.9000000000 70.4894294778 -11.7411562520 -8.8340212123 0.0000000000 0.0000000000 0.0000000000 1.0000000000
14.0000000000 67.7828468516 -15.6818428666 5.4594638327 0.0000000000 0.0000000000 0.0000000000 1.0000000000
14.1000000000 71.2526102485 -8.3440616052 6.3724953703 0.0000000000 0.0000000000 0.0000000000 1.0000000000
14.2000000000 72.5145206280 -14.5321715447 9.2300511079 0.0000000000 0.0000000000 0.0000000000 1.0000000000
14.3000000000 76.1217950865 -19.2458796345 -8.4501928190 0.0000000000 0.0000000000 0.0000000000 1.0000000000
14.4000000000 69.3691427201 -20.1251683631 -2.3714634817 0.0000000000 0.0000000000 0.0000000000 1.0000000000
14.5000000000 82.6421595209 -19.0281702790 -2.5898717110 0.0000000000 0.0000000000 0.0000000000 1.0000000000
14.6000000000 74.1875645504 -20.8055137735 -6.7053472751 0.0000000000 0.0000000000 0.0000000000 1.0000000000
14.7000000000 63.7593825688 -10.0040320759 -2.3149682415 0.0000000000 0.0000000000 0.0000000000 1.0000000000
14.8000000000 60.5987244696 -21.9667468470 9.3973089061 0.0000000000 0.0000000000 0.0000000000 1.0000000000
14.9000000000 75.7715823821 -16.7979520783 3.1575601572 0.0000000000 0.0000000000 0.0000000000 1.0000000000
15.0000000000 67.5663967308 -22.6131361738 -6.0798441001 0.0000000000 0.0000000000 0.0000000000 1.0000000000
15.1000000000 75.2729594645 -19.3479618037 -11.7914032603 0.0000000000 0.0000000000 0.0000000000 1.0000000000
15.2000000000 81.4816430614 -27.2967239382 -5.8666822702 0.0000000000 0.0000000000 0.0000000000 1.0000000000
15.3000000000 76.4781534134 -27.8015520299 -3.4048064486 0.0000000000 0.0000000000 0.0000000000 1.0000000000
15.4000000000 72.7068005768 -21.3860577394 -2.0804717852 0.0000000000 0.0000000000 0.0000000000 1.0000000000
15.5000000000 68.3190870794 -25.6203078039 -0.1892491242 0.0000000000 0.0000000000 0.0000000000 1.0000000000
15.6000000000 80.5673526891 -37.4387286580 3.9076959360 0.0000000000 0.0000000000 0.0000000000 1.0000000000
15.7000000000 81.7487668015 -24.6884738504 2.8483652738 0.0000000000 0.0000000000 0.0000000000 1.0000000000
15.8000000000 77.2515523467 -24.4840783994 5.3522098170 0.0000000000 0.0000000000 0.0000000000 1.0000000000
15.9000000000 79.0209221218 -27.9303295914 0.3390378564 0.0000000000 0.0000000000 0.0000000000 1.0000000000
16.0000000000 72.1776793773 -31.0907502632 9.8369210877 0.0000000000 0.0000000000 0.0000000000 1.0000000000
16.1000000000 72.9318670476 -21.3760637966 0.6316095485 0.0000000000 0.0000000000 0.0000000000 1.0000000000
16.2000000000 72.6338912559 -32.7735433383 6.2188251935 0.0000000000 0.0000000000 0.0000000000 1.0000000000
16.3000000000 68.6670865841 -28.3132823428 -0.7948462707 0.0000000000 0.0000000000 0.0000000000 1.0000000000
16.4000000000 83.5386581278 -22.8180372008 2.2728995289 0.0000000000 0.0000000000 0.0000000000 1.0000000000
16.5000000000 68.6212719803 -21.2412293761 -2.5527314736 0.0000000000 0.0000000000 0.0000000000 1.0000000000
16.6000000000 74.5502467570 -27.2524167789 -3.0751364136 0.0000000000 0.0000000000 0.0000000000 1.0000000000
16.7000000000 69.2449974069 -32.6267668303 17.7375118675 0.0000000000 0.0000000000 0.0000000000 1.0000000000
16.8000000000 80.3090833993 -23.9777483599 12.0887730886 0.0000000000 0.0000000000 0.0000000000 1.0000000000
16.9000000000 76.5327958374 -39.4376070548 2.4645469412 0.0000000000 0.0000000000 0.0000000000 1.0000000000
17.0000000000 73.3083974368 -28.6264668203 -1.6460388012 0.0000000000 0.0000000000 0.0000000000 1.0000000000
17.1000000000 75.2462359133 -27.5572651447 -2.1957348160 0.0000000000 0.0000000000 0.0000000000 1.0000000000
17.2000000000 73.1915159577 -32.1123048937 -3.3720943301 0.0000000000 0.0000000000 0.0000000000 1.0000000000
17.3000000000 79.9329301984 -28.3307602218 2.5431828632 0.0000000000 0.0000000000 0.0000000000 1.0000000000
17.4000000000 77.7768746089 -24.2358666379 3.3206735328 0.0000000000 0.0000000000 0.0000000000 1.0000000000
17.5000000000 84.0695790116 -32.8855163818 0.8107189967 0.0000000000 0.0000000000 0.0000000000 1.0000000000
17.6000000000 76.1348500076 -28.9437701793 -1.7261396927 0.0000000000 0.0000000000 0.0000000000 1.0000000000
17.7000000000 72.2531830816 -27.7366948896 -4.2879965606 0.0000000000 0.0000000000 0.0000000000 1.0000000000
17.8000000000 80.4684201564 -40.9528315374 -2.8922472321 0.0000000000 0.0000000000 0.0000000000 1.0000000000
17.9000000000 71.7219609240 -41.3550818394 4.8316671166 0.0000000000 0.0000000000 0.0000000000 1.0000000000
18.0000000000 81.9791217072 -29.8163546764 1.6827353489 0.0000000000 0.0000000000 0.0000000000 1.0000000000
18.1000000000 74.6178357954 -43.4548815980 -4.7254204537 0.0000000000 0.0000000000 0.0000000000 1.0000000000
18.2000000000 79.5784229318 -26.7294283011 8.9627457873 0.0000000000 0.0000000000 0.0000000000 1.0000000000
18.3000000000 72.8455900777 -40.1188375102 -3.7046149982 0.0000000000 0.0000000000 0.0000000000 1.0000000000
18.4000000000 87.6235520998 -30.6604459718 -4.3119076833 0.0000000000 0.0000000000 0.0000000000 1.0000000000
18.5000000000 76.7450269248 -31.0535013385 -13.1021184465 0.0000000000 0.0000000000 0.0000000000 1.0000000000
18.6000000000 79.4705508613 -40.8878827550 2.2241356982 0.0000000000 0.0000000000 0.0000000000 1.0000000000
18.7000000000 78.4669347087 -35.7848658768 3.7422342968 0.0000000000 0.0000000000 0.0000000000 1.0000000000
18.8000000000 74.9182456653 -41.2434931779 11.6298857502 0.0000000000 0.0000000000 0.0000000000 1.0000000000
18.9000000000 84.5705707845 -37.6931241057 14.0764650499 0.0000000000 0.0000000000 0.0000000000 1.0000000000
19.0000000000 80.6866748213 -41.5751712368 -7.1166045316 0.0000000000 0.0000000000 0.0000000000 1.0000000000
19.1000000000 79.5703254056 -35.0683537151 -4.9909810358 0.0000000000 0.0000000000 0.0000000000 1.0000000000
19.2000000000 86.2001976783 -39.6921735110 -4.3056347198 0.0000000000 0.0000000000 0.0000000000 1.0000000000
19.3000000000 85.3264652219 -45.0190911921 -5.5807376393 0.0000000000 0.0000000000 0.0000000000 1.0000000000
19.4000000000 77.8899755394 -43.6951387333 -14.2438927874 0.0000000000 0.0000000000 0.0000000000 1.0000000000
19.5000000000 85.5527736449 -30.5096712753 -2.3223037454 0.0000000000 0.0000000000 0.0000000000 1.0000000000
19.6000000000 89.5503474551 -49.8315460751 0.4849657491 0.0000000000 0.0000000000 0.0000000000 1.0000000000
19.7000000000 86.2680377560 -44.3063582036 11.5622714144 0.0000000000 0.0000000000 0.0000000000 1.0000000000
19.8000000000 86.8755378954 -38.3444879212 11.4535618492 0.0000000000 0.0000000000 0.0000000000 1.0000000000
19.9000000000 81.2965677759 -47.8726608024 -6.4990683089 0.0000000000 0.0000000000 0.0000000000 1.0000000000
20.0000000000 80.5056311874 -42.1078529826 2.5978233785 0.0000000000 0.0000000000 0.0000000000 1.0000000000
20.1000000000 75.0742193799 -50.3528485463 0.0979914914 0.0000000000 0.0000000000 0.0000000000 1.0000000000
20.2000000000 83.2458277300 -32.7870886392 -1.6571354923 0.0000000000 0.0000000000 0.0000000000 1.0000000000
20.3000000000 77.4382330507 -41.8346877211 -8.4858569099 0.0000000000 0.0000000000 0.0000000000 1.0000000000
20.4000000000 79.6559360159 -48.1820134759 3.8118181183 0.0000000000 0.0000000000 0.0000000000 1.0000000000
20.5000000000 82.6717605680 -49.7985195441 6.6639072900 0.0000000000 0.0000000000 0.0000000000 1.0000000000
20.6000000000 89.4821350884 -42.8611741531 -18.6565675291 0.0000000000 0.0000000000 0.0000000000 1.0000000000
20.7000000000 84.0751365713 -52.2601783139 3.3460377572 0.0000000000 0.0000000000 0.0000000000 1.0000000000
20.8000000000 83.3934722233 -47.1138639714 10.8463710260 0.0000000000 0.0000000000 0.0000000000 1.0000000000
20.9000000000 85.1482044424 -52.0386344052 8.4805627632 0.0000000000 0.0000000000 0.0000000000 1.0000000000
21.0000000000 82.0368248827 -42.0930086868 -3.9700606288 0.0000000000 0.0000000000 0.0000000000 1.0000000000
21.1000000000 86.5994392797 -50.8937033961 -4.2056296946 0.0000000000 0.0000000000 0.0000000000 1.0000000000
21.2000000000 86.9505863084 -57.2587087022 9.3990166284 0.0000000000 0.0000000000 0.0000000000 1.0000000000
21.3000000000 84.4868869871 -55.7775080604 -1.8680684254 0.0000000000 0.0000000000 0.0000000000 1.0000000000
21.4000000000 75.4421695838 -58.6052418202 -4.5664021585 0.0000000000 0.0000000000 0.0000000000 1.0000000000
21.5000000000 88.3139024929 -45.2210783069 3.8540317410 0.0000000000 0.0000000000 0.0000000000 1.0000000000
21.6000000000 96.6174651218 -60.9954523688 2.8596042502 0.0000000000 0.0000000000 0.0000000000 1.0000000000
21.7000000000 83.7424489883 -59.1812031900 -1.6775685970 0.0000000000 0.0000000000 0.0000000000 1.0000000000
21.8000000000 85.4602486934 -61.8015116655 8.4066498776 0.0000000000 0.0000000000 0.0000000000 1.0000000000
21.9000000000 85.0995753329 -57.7277365807 -4.4504266187 0.0000000000 0.0000000000 0.0000000000 1.0000000000
22.0000000000 80.5478113840 -54.8484024094 -9.5804534701 0.0000000000 0.0000000000 0.0000000000 1.0000000000
22.1000000000 81.8189741619 -62.5037037281 3.2974559619 0.0000000000 0.0000000000 0.0000000000 1.0000000000
22.2000000000 84.2534532103 -48.4283576370 -7.1575080516 0.0000000000 0.0000000000 0.0000000000 1.0000000000
22.3000000000 89.0423797301 -63.4523176938 -1.1711462929 0.0000000000 0.0000000000 0.0000000000 1.0000000000
22.4000000000 95.6907769857 -51.3586260016 -4.9920235815 0.0000000000 0.0000000000 0.0000000000 1.0000000000
22.5000000000 81.7184552491 -54.7236370287 0.6414863763 0.0000000000 0.0000000000 0.0000000000 1.0000000000
22.6000000000 83.6578278070 -50.0169284347 -3.3537830428 0.0000000000 0.0000000000 0.0000000000 1.0000000000
22.7000000000 84.1515720850 -52.5442353938 -11.0627327061 0.0000000000 0.0000000000 0.0000000000 1.0000000000
22.8000000000 83.6947771289 -46.9759009794 -7.8795699087 0.0000000000 0.0000000000 0.0000000000 1.0000000000
22.9000000000 85.1213289737 -58.6211989971 -3.4943623636 0.0000000000 0.0000000000 0.0000000000 1.0000000000
23.0000000000 86.8544786327 -59.8995922164 -1.4155748137 0.0000000000 0.0000000000 0.0000000000 1.0000000000
23.1000000000 83.1648415366 -69.1590047502 -10.0103306289 0.0000000000 0.0000000000 0.0000000000 1.0000000000
23.2000000000 85.2899326275 -56.8220603411 5.3091287671 0.0000000000 0.0000000000 0.0000000000 1.0000000000
23.3000000000 87.4705402421 -58.2403548267 -7.2386281749 0.0000000000 0.0000000000 0.0000000000 1.0000000000
23.4000000000 88.1933024943 -59.0300418275 17.9629179821 0.0000000000 0.0000000000 0.0000000000 1.0000000000
23.5000000000 87.7784532475 -64.4729789746 -2.5324009068 0.0000000000 0.0000000000 0.0000000000 1.0000000000
23.6000000000 87.9816888371 -58.2437251606 0.6520161717 0.0000000000 0.0000000000 0.0000000000 1.0000000000
23.7000000000 94.2628430249 -61.6615323371 0.3301402663 0.0000000000 0.0000000000 0.0000000000 1.0000000000
23.8000000000 94.1323580254 -65.2967571550 -6.0508991017 0.0000000000 0.0000000000 0.0000000000 1.0000000000
23.9000000000 82.0727801951 -63.4769572560 6.1744007076 0.0000000000 0.0000000000 0.0000000000 1.0000000000
24.0000000000 85.5477725624 -66.0554344514 -6.3839386345 0.0000000000 0.0000000000 0.0000000000 1.0000000000
24.1000000000 92.6139103875 -55.0822757777 -3.0883478834 0.0000000000 0.0000000000 0.0000000000 1.0000000000
24.2000000000 87.2240522392 -66.5844844769 2.8127479706 0.0000000000 0.0000000000 0.0000000000 1.0000000000
24.3000000000 97.0049361512 -63.1980805652 0.1667303714 0.0000000000 0.0000000000 0.0000000000 1.0000000000
24.4000000000 85.6076968737 -57.9983122257 5.3112743813 0.0000000000 0.0000000000 0.0000000000 1.0000000000
24.5000000000 91.9363606511 -65.0173829321 -2.6619783563 0.0000000000 0.0000000000 0.0000000000 1.0000000000
24.6000000000 93.4353385454 -71.4226195649 8.6663452417 0.0000000000 0.0000000000 0.0000000000 1.0000000000
24.7000000000 88.9805686265 -71.9722198617 -6.6957691824 0.0000000000 0.0000000000 0.0000000000 1.0000000000
24.8000000000 99.4305699508 -69.0843737690 2.0666423996 0.0000000000 0.0000000000 0.0000000000 1.0000000000
24.9000000000 91.8134479743 -69.3778174801 0.0966683524 0.0000000000 0.0000000000 0.0000000000 1.0000000000
25.0000000000 92.9969282326 -72.5750320979 5.4007554885 0.0000000000 0.0000000000 0.0000000000 1.0000000000
25.1000000000 91.5564052647 -69.2864636438 4.9956246559 0.0000000000 0.0000000000 0.0000000000 1.0000000000
25.2000000000 92.2019759293 -58.0530214367 -0.7495752500 0.0000000000 0.0000000000 0.0000000000 1.0000000000
25.3000000000 93.0881766678 -69.9688643201 0.1554746453 0.0000000000 0.0000000000 0.0000000000 1.0000000000
25.4000000000 85.9255425327 -74.5762778573 6.1331449314 0.0000000000 0.0000000000 0.0000000000 1.0000000000
25.5000000000 96.7390773796 -70.1444526394 -6.3685278521 0.0000000000 0.0000000000 0.0000000000 1.0000000000
25.6000000000 100.3306522299 -73.6445678826 10.9722177443 0.0000000000 0.0000000000 0.0000000000 1.0000000000
25.7000000000 94.4708017231 -72.3833037584 -1.6900377768 0.0000000000 0.0000000000 0.0000000000 1.0000000000
25.8000000000 78.6534250849 -66.8117281881 -9.8371446565 0.0000000000 0.0000000000 0.0000000000 1.0000000000
25.9000000000 88.3775032945 -74.8251014901 -6.2384374125 0.0000000000 0.0000000000 0.0000000000 1.0000000000
26.0000000000 87.5312544478 -75.9227237568 8.2505581118 0.0000000000 0.0000000000 0.0000000000 1.0000000000
26.1000000000 99.8657093475 -74.1762325519 6.6079014384 0.0000000000 0.0000000000 0.0000000000 1.0000000000
26.2000000000 96.3733348212 -72.2144374321 -5.2280253672 0.0000000000 0.0000000000 0.0000000000 1.0000000000
26.3000000000 91.9217467136 -76.8960433505 -0.0667383214 0.0000000000 0.0000000000 0.0000000000 1.0000000000
26.4000000000 91.2427185302 -78.7863507473 5.3086432092 0.0000000000 0.0000000000 0.0000000000 1.0000000000
26.5000000000 93.4552650547 -68.5661525684 -7.8520454599 0.0000000000 0.0000000000 0.0000000000 1.0000000000
26.6000000000 93.5982621965 -79.7224797250 -2.7211958468 0.0000000000 0.0000000000 0.0000000000 1.0000000000
26.7000000000 86.5260960152 -77.7783993021 -1.8320123336 0.0000000000 0.0000000000 0.0000000000 1.0000000000
26.8000000000 90.7740270755 -80.1380734638 11.0585144431 0.0000000000 0.0000000000 0.0000000000 1.0000000000
26.9000000000 101.8038101049 -76.5965539848 4.1325369495 0.0000000000 0.0000000000 0.0000000000 1.0000000000
27.0000000000 95.4671588301 -71.7524366589 -8.3852935173 0.0000000000 0.0000000000 0.0000000000 1.0000000000
27.1000000000 90.7943668764 -78.2404619547 -4.3018421395 0.0000000000 0.0000000000 0.0000000000 1.0000000000
27.2000000000 92.2573435688 -78.2563797231 8.5747638589 0.0000000000 0.0000000000 0.0000000000 1.0000000000
27.3000000000 92.1482297226 -73.0283367171 1.3410516364 0.0000000000 0.0000000000 0.0000000000 1.0000000000
27.4000000000 90.0973458060 -65.0270555798 -5.6927978273 0.0000000000 0.0000000000 0.0000000000 1.0000000000
27.5000000000 98.8558675906 -76.1858911786 -1.2521663473 0.0000000000 0.0000000000 0.0000000000 1.0000000000
27.6000000000 95.5079479938 -83.0431415409 -3.3236414408 0.0000000000 0.0000000000 0.0000000000 1.0000000000
27.7000000000 95.8877621931 -76.5018276479 -11.0475720536 0.0000000000 0.0000000000 0.0000000000 1.0000000000
27.8000000000 97.0435133169 -82.4376822181 7.7332354594 0.0000000000 0.0000000000 0.0000000000 1.0000000000
27.9000000000 89.1942231450 -71.5232352398 -7.8532624010 0.0000000000 0.0000000000 0.0000000000 1.0000000000
28.0000000000 93.5676387207 -70.9496810306 -6.3022646898 0.0000000000 0.0000000000 0.0000000000 1.0000000000
28.1000000000 103.7799220185 -78.2276916841 -10.1583244684 0.0000000000 0.0000000000 0.0000000000 1.0000000000
28.2000000000 101.9797098395 -85.4944027898 6.6682802727 0.0000000000 0.0000000000 0.0000000000 1.0000000000
28.3000000000 100.8158582751 -80.5355728685 6.3173553294 0.0000000000 0.0000000000 0.0000000000 1.0000000000
28.4000000000 102.2573839137 -88.5985403373 0.9631337879 0.0000000000 0.0000000000 0.0000000000 1.0000000000
28.5000000000 95.3939949852 -84.4658304306 5.6690169969 0.0000000000 0.0000000000 0.0000000000 1.0000000000
28.6000000000 96.7949082745 -91.2820047510 9.1464355094 0.0000000000 0.0000000000 0.0000000000 1.0000000000
28.7000000000 96.1145007839 -83.3402776081 -4.4684358507 0.0000000000 0.0000000000 0.0000000000 1.0000000000
28.8000000000 98.8205929735 -92.3607593665 -6.1024577008 0.0000000000 0.0000000000 0.0000000000 1.0000000000
28.9000000000 101.7484064723 -81.8260786593 7.2086650219 0.0000000000 0.0000000000 0.0000000000 1.0000000000
29.0000000000 91.8003570949 -79.3476826893 0.5683645568 0.0000000000 0.0000000000 0.0000000000 1.0000000000
29.1000000000 98.8733704352 -84.4177384475 1.7429318178 0.0000000000 0.0000000000 0.0000000000 1.0000000000
29.2000000000 102.0793115032 -82.6101646202 1.3931421703 0.0000000000 0.0000000000 0.0000000000 1.0000000000
29.3000000000 109.9613163226 -90.3858155003 -13.2834610611 0.0000000000 0.0000000000 0.0000000000 1.0000000000
29.4000000000 102.4727823622 -87.1528694130 0.1381310032 0.0000000000 0.0000000000 0.0000000000 1.0000000000
29.5000000000 99.0639929800 -92.3472341909 4.1533677256 0.0000000000 0.0000000000 0.0000000000 1.0000000000
29.6000000000 101.9107015068 -84.8338034707 -7.1218181300 0.0000000000 0.0000000000 0.0000000000 1.0000000000
29.7000000000 103.1935869727 -96.0490553030 -2.5381235599 0.0000000000 0.0000000000 0.0000000000 1.0000000000
29.8000000000 109.7821041607 -97.2077612366 -1.9561121804 0.0000000000 0.0000000000 0.0000000000 1.0000000000
29.9000000000 108.4910620858 -90.4515203391 -7.2547054427 0.0000000000 0.0000000000 0.0000000000 1.0000000000
30.0000000000 89.8279970578 -87.2713285656 4.3852664140 0.0000000000 0.0000000000 0.0000000000 1.0000000000
30.1000000000 104.9147743583 -82.8262619527 -12.8645627072 0.0000000000 0.0000000000 0.0000000000 1.0000000000
30.2000000000 101.4572874268 -95.3637386229 -0.1395253249 0.0000000000 0.0000000000 0.0000000000 1.0000000000
30.3000000000 105.7565895570 -98.6486729738 -7.8836910941 0.0000000000 0.0000000000 0.0000000000 1.0000000000
30.4000000000 102.3609364935 -91.0517050587 -5.4295933733 0.0000000000 0.0000000000 0.0000000000 1.0000000000
30.5000000000 102.0744592400 -98.7730945912 -10.9010530516 0.0000000000 0.0000000000 0.0000000000 1.0000000000
30.6000000000 110.7718711191 -96.5977864304 2.3147267138 0.0000000000 0.0000000000 0.0000000000 1.0000000000
30.7000000000 104.7356425478 -100.4498470532 13.9462737535 0.0000000000 0.0000000000 0.0000000000 1.0000000000
30.8000000000 98.8759238753 -89.4865534336 -9.6481047822 0.0000000000 0.0000000000 0.0000000000 1.0000000000
30.9000000000 105.3143260418 -101.2342196240 5.0147039463 0.0000000000 0.0000000000 0.0000000000 1.0000000000
31.0000000000 108.3559139594 -93.2980036356 6.7183128857 0.0000000000 0.0000000000 0.0000000000 1.0000000000
31.1000000000 102.1636198306 -106.8929975849 -8.5187641167 0.0000000000 0.0000000000 0.0000000000 1.0000000000
31.2000000000 104.9638609156 -91.4004098637 -6.7420845859 0.0000000000 0.0000000000 0.0000000000 1.0000000000
31.3000000000 108.6230784149 -97.6241750340 -6.3887298919 0.0000000000 0.0000000000 0.0000000000 1.0000000000
31.4000000000 106.6706643392 -101.4012881784 -0.1979122295 0.0000000000 0.0000000000 0.0000000000 1.0000000000
31.5000000000 110.1954310956 -108.1756457374 -2.5337710304 0.0000000000 0.0000000000 0.0000000000 1.0000000000
31.6000000000 106.7440417007 -100.6769116543 -1.4482038264 0.0000000000 0.0000000000 0.0000000000 1.0000000000
31.7000000000 110.9789591777 -103.8096903616 -4.0807859632 0.0000000000 0.0000000000 0.0000000000 1.0000000000
31.8000000000 103.0275478411 -102.9860929042 -5.3529942579 0.0000000000 0.0000000000 0.0000000000 1.0000000000
31.9000000000 99.9913556850 -105.7883524237 -4.7805818943 0.0000000000 0.0000000000 0.0000000000 1.0000000000
32.0000000000 104.0746053682 -108.7054018437 13.0585490333 0.0000000000 0.0000000000 0.0000000000 1.0000000000
32.1000000000 105.3090825308 -100.4954254062 -7.1167969629 0.0000000000 0.0000000000 0.0000000000 1.0000000000
32.2000000000 101.1050152621 -115.0151678481 5.8152065422 0.0000000000 0.0000000000 0.0000000000 1.0000000000
32.3000000000 103.3679420160 -110.0644264827 -5.7770252422 0.0000000000 0.0000000000 0.0000000000 1.0000000000
32.4000000000 107.6343968954 -111.4421287815 -12.1978715398 0.0000000000 0.0000000000 0.0000000000 1.0000000000
32.5000000000 100.8229582346 -110.8882512497 -1.1307995973 0.0000000000 0.0000000000 0.0000000000 1.0000000000
32.6000000000 109.9701468267 -107.0009034773 -1.7950948150 0.0000000000 0.0000000000 0.0000000000 1.0000000000
32.7000000000 106.7665647227 -115.7740225314 -9.4615149774 0.0000000000 0.0000000000 0.0000000000 1.0000000000
32.8000000000 99.6872214675 -120.3969074909 -5.9243581295 0.0000000000 0.0000000000 0.0000000000 1.0000000000
32.9000000000 105.3444056941 -121.8908675420 -0.8350699026 0.0000000000 0.0000000000 0.0000000000 1.0000000000
33.0000000000 113.5493862198 -113.7458339328 3.3364509258 0.0000000000 0.0000000000 0.0000000000 1.0000000000
33.1000000000 112.5462508924 -116.2366765540 5.3073920349 0.0000000000 0.0000000000 0.0000000000 1.0000000000
33.2000000000 108.7144797975 -113.2304856920 -1.2473959766 0.0000000000 0.0000000000 0.0000000000 1.0000000000
33.3000000000 111.9947754351 -118.3566541472 9.3940207856 0.0000000000 0.0000000000 0.0000000000 1.0000000000
33.4000000000 113.9272668511 -119.9500106143 -13.8224241118 0.0000000000 0.0000000000 0.0000000000 1.0000000000
33.5000000000 111.2294493097 -115.5840834724 -6.4197146038 0.0000000000 0.0000000000 0.0000000000 1.0000000000
33.6000000000 110.0142734782 -117.1061016660 -7.1396340768 0.0000000000 0.0000000000 0.0000000000 1.0000000000
33.7000000000 115.4717831837 -120.9486726877 -1.9580133662 0.0000000000 0.0000000000 0.0000000000 1.0000000000
33.8000000000 113.8660694995 -130.8939377212 -3.0136512039 0.0000000000 0.0000000000 0.0000000000 1.0000000000
33.9000000000 114.0287200595 -119.6556805878 7.7775383974 0.0000000000 0.0000000000 0.0000000000 1.0000000000
34.0000000000 105.2469994174 -135.8298709703 1.2658384358 0.0000000000 0.0000000000 0.0000000000 1.0000000000
34.1000000000 111.0236568168 -125.7568887778 1.0953474202 0.0000000000 0.0000000000 0.0000000000 1.0000000000
34.2000000000 118.0669339083 -118.6190130820 -0.5353463112 0.0000000000 0.0000000000 0.0000000000 1.0000000000
34.3000000000 117.8745228630 -129.8974657501 -1.1663195226 0.0000000000 0.0000000000 0.0000000000 1.0000000000
34.4000000000 113.5289565206 -128.7459933740 7.5766947065 0.0000000000 0.0000000000 0.0000000000 1.0000000000
34.5000000000 112.2062062138 -136.4235691566 4.8591799195 0.0000000000 0.0000000000 0.0000000000 1.0000000000
34.6000000000 114.8110306087 -135.2059047240 5.5033830455 0.0000000000 0.0000000000 0.0000000000 1.0000000000
34.7000000000 116.3327300195 -133.4563214990 1.1013219457 0.0000000000 0.0000000000 0.0000000000 1.0000000000
34.8000000000 122.8476601665 -136.5493087515 7.3864558568 0.0000000000 0.0000000000 0.0000000000 1.0000000000
34.9000000000 121.3892158206 -134.6659308259 3.0317325003 0.0000000000 0.0000000000 0.0000000000 1.0000000000
35.0000000000 119.7765641230 -139.7650827650 -10.6478234019 0.0000000000 0.0000000000 0.0000000000 1.0000000000
35.1000000000 114.1489568279 -136.7950453201 16.6170964495 0.0000000000 0.0000000000 0.0000000000 1.0000000000
35.2000000000 108.5580856687 -136.2715597107 -8.9998354427 0.0000000000 0.0000000000 0.0000000000 1.0000000000
35.3000000000 112.0625416929 -145.4624140094 4.8707395282 0.0000000000 0.0000000000 0.0000000000 1.0000000000
35.4000000000 121.1739730024 -141.3198584653 -10.2343234411 0.0000000000 0.0000000000 0.0000000000 1.0000000000
35.5000000000 112.1579847083 -134.8647041180 -9.4616252696 0.0000000000 0.0000000000 0.0000000000 1.0000000000
35.6000000000 124.5997456463 -140.0025479215 -3.9966455677 0.0000000000 0.0000000000 0.0000000000 1.0000000000
35.7000000000 115.6835128131 -133.0809565119 -5.1292372873 0.0000000000 0.0000000000 0.0000000000 1.0000000000
35.8000000000 119.2550610022 -148.7034986508 -8.1180358901 0.0000000000 0.0000000000 0.0000000000 1.0000000000
35.9000000000 110.0347269222 -149.0305225483 -7.2508219584 0.0000000000 0.0000000000 0.0000000000 1.0000000000
36.0000000000 111.5876534859 -148.0090451015 4.3310802465 0.0000000000 0.0000000000 0.0000000000 1.0000000000
36.1000000000 121.4519123184 -148.4602317691 -4.7674695948 0.0000000000 0.0000000000 0.0000000000 1.0000000000
36.2000000000 118.3874226666 -145.3954246319 1.6510690003 0.0000000000 0.0000000000 0.0000000000 1.0000000000
36.3000000000 122.8042178589 -145.0789576566 4.0453009362 0.0000000000 0.0000000000 0.0000000000 1.0000000000
36.4000000000 123.0384456326 -150.5145977503 5.3008046046 0.0000000000 0.0000000000 0.0000000000 1.0000000000
36.5000000000 126.9816380669 -149.4070313957 -2.2832968937 0.0000000000 0.0000000000 0.0000000000 1.0000000000
36.6000000000 121.5240557225 -150.1345657966 3.9548008079 0.0000000000 0.0000000000 0.0000000000 1.0000000000
36.7000000000 126.8127883710 -155.5809314805 2.3638816712 0.0000000000 0.0000000000 0.0000000000 1.0000000000
36.8000000000 130.3096485053 -139.5026627410 -11.5565722864 0.0000000000 0.0000000000 0.0000000000 1.0000000000
36.9000000000 124.6954541347 -160.9911245282 -1.1850037653 0.0000000000 0.0000000000 0.0000000000 1.0000000000
37.0000000000 126.5910359561 -154.4947729095 0.7378019593 0.0000000000 0.0000000000 0.0000000000 1.0000000000
37.1000000000 128.3210701553 -157.2419375155 -9.5249294565 0.0000000000 0.0000000000 0.0000000000 1.0000000000
37.2000000000 123.7634806606 -158.0111248129 5.5141140430 0.0000000000 0.0000000000 0.0000000000 1.0000000000
37.3000000000 128.4375454660 -158.5797134299 -8.8728438612 0.0000000000 0.0000000000 0.0000000000 1.0000000000
37.4000000000 117.9359309183 -162.1582167298 -1.7382378663 0.0000000000 0.0000000000 0.0000000000 1.0000000000
37.5000000000 115.3413408979 -152.7523426166 -1.8973516695 0.0000000000 0.0000000000 0.0000000000 1.0000000000
37.6000000000 133.7173589236 -150.8921019385 11.1016469844 0.0000000000 0.0000000000 0.0000000000 1.0000000000
37.7000000000 123.0969965117 -156.3014325782 -8.3521596022 0.0000000000 0.0000000000 0.0000000000 1.0000000000
37.8000000000 121.5012135279 -162.6066726698 7.0541118676 0.0000000000 0.0000000000 0.0000000000 1.0000000000
37.9000000000 127.1538376500 -162.9615939639 5.3222322947 0.0000000000 0.0000000000 0.0000000000 1.0000000000
38.0000000000 127.5703479949 -161.7067229159 -3.9508258742 0.0000000000 0.0000000000 0.0000000000 1.0000000000
38.1000000000 123.6039476858 -169.3746593627 14.8451666164 0.0000000000 0.0000000000 0.0000000000 1.0000000000
38.2000000000 126.4693052279 -169.4451072576 -5.4459886254 0.0000000000 0.0000000000 0.0000000000 1.0000000000
38.3000000000 121.5526892800 -166.0240681508 -0.9053762437 0.0000000000 0.0000000000 0.0000000000 1.0000000000
38.4000000000 131.3910788674 -167.7833437357 -6.5866231041 0.0000000000 0.0000000000 0.0000000000 1.0000000000
38.5000000000 125.9151656761 -171.7979466213 5.3777500495 0.0000000000 0.0000000000 0.0000000000 1.0000000000
38.6000000000 127.0497438577 -163.7777650788 -4.4713179490 0.0000000000 0.0000000000 0.0000000000 1.0000000000
38.7000000000 128.7864810743 -176.0725567003 1.9798853926 0.0000000000 0.0000000000 0.0000000000 1.0000000000
38.8000000000 120.9410214957 -180.5108069663 3.1379691655 0.0000000000 0.0000000000 0.0000000000 1.0000000000
38.9000000000 127.4975727577 -174.2146517183 8.3079141029 0.0000000000 0.0000000000 0.0000000000 1.0000000000
39.0000000000 126.3023442582 -167.9922864407 0.8523341544 0.0000000000 0.0000000000 0.0000000000 1.0000000000
39.1000000000 143.9950250199 -175.9292937119 0.5967642981 0.0000000000 0.0000000000 0.0000000000 1.0000000000
39.2000000000 125.9511326541 -174.7718579364 -2.2551167035 0.0000000000 0.0000000000 0.0000000000 1.0000000000
39.3000000000 125.5816696285 -179.9962678625 4.4903585501 0.0000000000 0.0000000000 0.0000000000 1.0000000000
39.4000000000 139.9604698914 -175.2997099515 4.4692255514 0.0000000000 0.0000000000 0.0000000000 1.0000000000
39.5000000000 123.7970712947 -174.7776134191 6.1149348616 0.0000000000 0.0000000000 0.0000000000 1.0000000000
39.6000000000 127.5019203954 -174.9476255810 5.8434192294 0.0000000000 0.0000000000 0.0000000000 1.0000000000
39.7000000000 132.8540588683 -179.4642430787 3.8214469941 0.0000000000 0.0000000000 0.0000000000 1.0000000000
39.8000000000 125.3040506585 -181.8615482161 4.5062295269 0.0000000000 0.0000000000 0.0000000000 1.0000000000
39.9000000000 127.8087645710 -182.6002172653 9.0895950176 0.0000000000 0.0000000000 0.0000000000 1.0000000000
40.0000000000 129.8665968615 -183.5052467023 6.2246959151 0.0000000000 0.0000000000 0.0000000000 1.0000000000
40.1000000000 125.5631120041 -180.8438587679 5.2150776266 0.0000000000 0.0000000000 0.0000000000 1.0000000000
40.2000000000 127.5804839291 -186.0346585477 8.6220340343 0.0000000000 0.0000000000 0.0000000000 1.0000000000
40.3000000000 122.7679721107 -183.7408957338 -3.0702779965 0.0000000000 0.0000000000 0.0000000000 1.0000000000
40.4000000000 132.1533915711 -190.1294957230 11.7078673930 0.0000000000 0.0000000000 0.0000000000 1.0000000000
40.5000000000 134.9996269922 -187.0257860720 0.3012019607 0.0000000000 0.0000000000 0.0000000000 1.0000000000
40.6000000000 142.4117549410 -190.0375388834 1.0835055029 0.0000000000 0.0000000000 0.0000000000 1.0000000000
40.7000000000 139.6748341215 -187.7174693593 9.5282491958 0.0000000000 0.0000000000 0.0000000000 1.0000000000
40.8000000000 134.7383600627 -193.5273667625 4.6065701222 0.0000000000 0.0000000000 0.0000000000 1.0000000000
40.9000000000 136.9064132993 -192.8275287021 -6.8413576337 0.0000000000 0.0000000000 0.0000000000 1.0000000000
41.0000000000 142.0808864344 -197.7097901655 13.5649856636 0.0000000000 0.0000000000 0.0000000000 1.0000000000
41.1000000000 137.1793207326 -187.3228568499 -0.2656782729 0.0000000000 0.0000000000 0.0000000000 1.0000000000
41.2000000000 140.3548381847 -200.2516440063 -7.7288366691 0.0000000000 0.0000000000 0.0000000000 1.0000000000
41.3000000000 140.3995437404 -200.6818102996 -5.3070480926 0.0000000000 0.0000000000 0.0000000000 1.0000000000
41.4000000000 141.2437235872 -197.1119650527 -0.0574636426 0.0000000000 0.0000000000 0.0000000000 1.0000000000
41.5000000000 136.4661235913 -197.0632008772 12.3623750038 0.0000000000 0.0000000000 0.0000000000 1.0000000000
41.6000000000 131.1494265742 -198.0656988434 -5.5688219633 0.0000000000 0.0000000000 0.0000000000 1.0000000000
41.7000000000 144.7317384781 -192.4814893388 17.3938494521 0.0000000000 0.0000000000 0.0000000000 1.0000000000
41.8000000000 140.0436131327 -200.0092332252 -0.1872029694 0.0000000000 0.0000000000 0.0000000000 1.0000000000
41.9000000000 142.8114910377 -203.8330738638 2.8565742466 0.0000000000 0.0000000000 0.0000000000 1.0000000000
42.0000000000 140.1119830818 -200.6096182073 -1.2355066967 0.0000000000 0.0000000000 0.0000000000 1.0000000000
42.1000000000 141.4589186715 -200.7633738090 -4.1091558368 0.0000000000 0.0000000000 0.0000000000 1.0000000000
42.2000000000 141.7290761559 -205.3889414906 -0.0858324608 0.0000000000 0.0000000000 0.0000000000 1.0000000000
42.3000000000 142.9654843587 -204.1070283728 -3.9277129732 0.0000000000 0.0000000000 0.0000000000 1.0000000000
42.4000000000 138.3888211883 -198.2200276967 2.3749932894 0.0000000000 0.0000000000 0.0000000000 1.0000000000
42.5000000000 143.8240774722 -207.7862907935 -0.0553476810 0.0000000000 0.0000000000 0.0000000000 1.0000000000
42.6000000000 143.3097597203 -190.6090087359 -1.7889480828 0.0000000000 0.0000000000 0.0000000000 1.0000000000
42.7000000000 132.7336462469 -206.2333070617 -4.3714642871 0.0000000000 0.0000000000 0.0000000000 1.0000000000
42.8000000000 143.4090433893 -210.2274015241 -8.4025083910 0.0000000000 0.0000000000 0.0000000000 1.0000000000
42.9000000000 148.9673928678 -206.2991678119 -6.1426854594 0.0000000000 0.0000000000 0.0000000000 1.0000000000
43.0000000000 141.9066066974 -214.4211143264 0.8227600294 0.0000000000 0.0000000000 0.0000000000 1.0000000000
43.1000000000 152.3425323729 -208.6809720717 -1.9543155284 0.0000000000 0.0000000000 0.0000000000 1.0000000000
43.2000000000 149.5016571869 -219.0830975648 4.0124684500 0.0000000000 0.0000000000 0.0000000000 1.0000000000
43.3000000000 133.3503765902 -213.8396889583 4.8159409832 0.0000000000 0.0000000000 0.0000000000 1.0000000000
43.4000000000 142.7910539935 -207.2764934760 -5.3012328029 0.0000000000 0.0000000000 0.0000000000 1.0000000000
43.5000000000 148.8333670533 -210.5227223713 -7.4909098008 0.0000000000 0.0000000000 0.0000000000 1.0000000000
43.6000000000 148.3975771328 -214.2882723143 -5.7138600688 0.0000000000 0.0000000000 0.0000000000 1.0000000000
43.7000000000 144.3370633916 -218.8185825622 3.9998910469 0.0000000000 0.0000000000 0.0000000000 1.0000000000
43.8000000000 147.5024468528 -220.7157548189 -5.1337248083 0.0000000000 0.0000000000 0.0000000000 1.0000000000
43.9000000000 150.2408907571 -209.8489817203 -5.3912388524 0.0000000000 0.0000000000 0.0000000000 1.0000000000
44.0000000000 154.8485749795 -225.8697117515 -3.0130729188 0.0000000000 0.0000000000 0.0000000000 1.0000000000
44.1000000000 153.7239654244 -220.1103285894 7.1477880707 0.0000000000 0.0000000000 0.0000000000 1.0000000000
44.2000000000 150.1278761582 -217.6984486766 -8.4501169233 0.0000000000 0.0000000000 0.0000000000 1.0000000000
44.3000000000 157.0999974660 -213.7989839488 9.6226187048 0.0000000000 0.0000000000 0.0000000000 1.0000000000
44.4000000000 143.4913880770 -219.6914581872 6.1842896922 0.0000000000 0.0000000000 0.0000000000 1.0000000000
44.5000000000 142.8703459727 -221.1711578752 5.7738547007 0.0000000000 0.0000000000 0.0000000000 1.0000000000
44.6000000000 155.1865358566 -227.4899254551 -3.6555575781 0.0000000000 0.0000000000 0.0000000000 1.0000000000
44.7000000000 144.6772436450 -230.7393695200 -5.2770693657 0.0000000000 0.0000000000 0.0000000000 1.0000000000
44.8000000000 149.3344774204 -227.7271464237 11.2810216381 0.0000000000 0.0000000000 0.0000000000 1.0000000000
44.9000000000 146.5421540134 -222.8719072184 -6.7403367993 0.0000000000 0.0000000000 0.0000000000 1.0000000000
45.0000000000 151.1449693892 -221.1149407234 -17.2928894972 0.0000000000 0.0000000000 0.0000000000 1.0000000000
45.1000000000 134.2993582751 -224.8043679300 7.2736099618 0.0000000000 0.0000000000 0.0000000000 1.0000000000
45.2000000000 158.8116324159 -231.7303788100 -1.1916214946 0.0000000000 0.0000000000 0.0000000000 1.0000000000
45.3000000000 145.8486972416 -236.7382701197 -10.6834953097 0.0000000000 0.0000000000 0.0000000000 1.0000000000
45.4000000000 155.3362662980 -232.2291585214 5.3048668595 0.0000000000 0.0000000000 0.0000000000 1.0000000000
45.5000000000 148.6531421395 -245.1463948606 -16.7325834659 0.0000000000 0.0000000000 0.0000000000 1.0000000000
45.6000000000 150.7451917463 -240.1095913291 -13.6550856020 0.0000000000 0.0000000000 0.0000000000 1.0000000000
45.7000000000 151.6242817359 -231.5713850942 -2.2549147182 0.0000000000 0.0000000000 0.0000000000 1.0000000000
45.8000000000 151.9505570070 -230.1244514592 15.3520801551 0.0000000000 0.0000000000 0.0000000000 1.0000000000
45.9000000000 148.2912508032 -241.5944521654 -5.3122118522 0.0000000000 0.0000000000 0.0000000000 1.0000000000
46.0000000000 160.4280660120 -247.1311045371 -5.6852309000 0.0000000000 0.0000000000 0.0000000000 1.0000000000
46.1000000000 163.8920297364 -233.9532255044 10.6100618177 0.0000000000 0.0000000000 0.0000000000 1.0000000000
46.2000000000 155.1959232479 -241.3809491971 7.9609359063 0.0000000000 0.0000000000 0.0000000000 1.0000000000
46.3000000000 153.3867610188 -245.6204162591 10.9068104179 0.0000000000 0.0000000000 0.0000000000 1.0000000000
46.4000000000 144.4491338926 -237.9900936430 12.5578866537 0.0000000000 0.0000000000 0.0000000000 1.0000000000
46.5000000000 144.1226683093 -243.7372021206 -7.3246602765 0.0000000000 0.0000000000 0.0000000000 1.0000000000
46.6000000000 154.2049182331 -248.8219368591 -4.3556232450 0.0000000000 0.0000000000 0.0000000000 1.0000000000
46.7000000000 154.1997086453 -253.8553616477 5.0296790875 0.0000000000 0.0000000000 0.0000000000 1.0000000000
46.8000000000 154.1570927163 -246.9842310542 4.3254989115 0.0000000000 0.0000000000 0.0000000000 1.0000000000
46.9000000000 163.1870664376 -250.8970894897 6.5110355972 0.0000000000 0.0000000000 0.0000000000 1.0000000000
47.0000000000 152.4736948587 -237.2508083040 -3.1998812349 0.0000000000 0.0000000000 0.0000000000 1.0000000000
47.1000000000 151.2006517911 -250.1672124902 -2.3706798209 0.0000000000 0.0000000000 0.0000000000 1.0000000000
47.2000000000 153.0798419303 -254.6065120587 0.5588992619 0.0000000000 0.0000000000 0.0000000000 1.0000000000
47.3000000000 164.1570391356 -247.4450191453 4.0541035359 0.0000000000 0.0000000000 0.0000000000 1.0000000000
47.4000000000 158.5939762517 -248.9216815240 -1.8869970994 0.0000000000 0.0000000000 0.0000000000 1.0000000000
47.5000000000 158.7763937031 -251.1212892184 -0.8406107989 0.0000000000 0.0000000000 0.0000000000 1.0000000000
47.6000000000 165.4644397514 -254.3916780169 3.3966243757 0.0000000000 0.0000000000 0.0000000000 1.0000000000
47.7000000000 153.4116605026 -253.6502281337 -11.2224727747 0.0000000000 0.0000000000 0.0000000000 1.0000000000
47.8000000000 157.6185769109 -253.0544342062 -4.8662254562 0.0000000000 0.0000000000 0.0000000000 1.0000000000
47.9000000000 146.4443843446 -260.7107522735 -9.5375296706 0.0000000000 0.0000000000 0.0000000000 1.0000000000
48.0000000000 170.9609977527 -261.6639936072 6.0816563005 0.0000000000 0.0000000000 0.0000000000 1.0000000000
48.1000000000 161.2727242617 -256.2821798918 10.3708179913 0.0000000000 0.0000000000 0.0000000000 1.0000000000
48.2000000000 165.3716996787 -247.9177968695 5.7917721433 0.0000000000 0.0000000000 0.0000000000 1.0000000000
48.3000000000 156.7543890613 -260.4361218315 -0.9281213190 0.0000000000 0.0000000000 0.0000000000 1.0000000000
48.4000000000 168.9998800496 -255.9789748269 1.5458319671 0.0000000000 0.0000000000 0.0000000000 1.0000000000
48.5000000000 161.2692557224 -264.9709756249 3.2526523423 0.0000000000 0.0000000000 0.0000000000 1.0000000000
48.6000000000 150.9219973361 -260.2327408373 -0.8260576793 0.0000000000 0.0000000000 0.0000000000 1.0000000000
48.7000000000 156.8757439061 -259.0514384541 -0.2778091929 0.0000000000 0.0000000000 0.0000000000 1.0000000000
48.8000000000 165.0424024510 -269.0463042166 6.3043640433 0.0000000000 0.0000000000 0.0000000000 1.0000000000
48.9000000000 159.7480478966 -264.3666189301 12.1460210417 0.0000000000 0.0000000000 0.0000000000 1.0000000000
49.0000000000 167.6154060790 -264.3248973811 4.1066129028 0.0000000000 0.0000000000 0.0000000000 1.0000000000
49.1000000000 168.1795512884 -272.2857819474 -9.5573260419 0.0000000000 0.0000000000 0.0000000000 1.0000000000
49.2000000000 159.4261180616 -269.6650497885 -7.6348543082 0.0000000000 0.0000000000 0.0000000000 1.0000000000
49.3000000000 163.2235468700 -271.6570830314 4.2936264140 0.0000000000 0.0000000000 0.0000000000 1.0000000000
49.4000000000 166.9988461396 -273.4392319400 -2.3867329298 0.0000000000 0.0000000000 0.0000000000 1.0000000000
49.5000000000 169.2890954610 -277.4461693370 0.4494489658 0.0000000000 0.0000000000 0.0000000000 1.0000000000
49.6000000000 164.3611554977 -275.5964933463 -0.8427489321 0.0000000000 0.0000000000 0.0000000000 1.0000000000
49.7000000000 159.9105474570 -271.0500876423 6.1429799554 0.0000000000 0.0000000000 0.0000000000 1.0000000000
49.8000000000 175.4636582640 -265.5849300151 -6.7696604026 0.0000000000 0.0000000000 0.0000000000 1.0000000000
49.9000000000 172.6567339591 -275.3222280247 7.3671475204 0.0000000000 0.0000000000 0.0000000000 1.0000000000
50.0000000000 162.1575929767 -283.6771075058 -18.3010034921 0.0000000000 0.0000000000 0.0000000000 1.0000000000
50.1000000000 174.4163253349 -274.2374955805 0.3179011188 0.0000000000 0.0000000000 0.0000000000 1.0000000000
50.2000000000 170.8801728663 -280.7335019084 -6.2174538649 0.0000000000 0.0000000000 0.0000000000 1.0000000000
50.3000000000 168.8516954861 -284.8349874844 4.6198628248 0.0000000000 0.0000000000 0.0000000000 1.0000000000
50.4000000000 173.1153269107 -270.7806866490 7.9268941138 0.0000000000 0.0000000000 0.0000000000 1.0000000000
50.5000000000 160.0890059611 -290.0617630106 4.5409108023 0.0000000000 0.0000000000 0.0000000000 1.0000000000
50.6000000000 171.8726037739 -282.1377592268 11.5041045513 0.0000000000 0.0000000000 0.0000000000 1.0000000000
50.7000000000 171.8821431952 -274.8573927945 8.1283587874 0.0000000000 0.0000000000 0.0000000000 1.0000000000
50.8000000000 163.1045422516 -289.2101516192 1.9519984714 0.0000000000 0.0000000000 0.0000000000 1.0000000000
50.9000000000 170.2175749480 -294.5892260201 -0.7970171277 0.0000000000 0.0000000000 0.0000000000 1.0000000000
51.0000000000 163.3404742109 -286.2114053559 -0.4393334434 0.0000000000 0.0000000000 0.0000000000 1.0000000000
51.1000000000 169.7089077138 -289.4247877676 1.8607760226 0.0000000000 0.0000000000 0.0000000000 1.0000000000
51.2000000000 169.6282783302 -285.5525410891 -0.9153694724 0.0000000000 0.0000000000 0.0000000000 1.0000000000
51.3000000000 166.8502959994 -293.1185545965 -2.7011146569 0.0000000000 0.0000000000 0.0000000000 1.0000000000
51.4000000000 162.8691289789 -289.1101639856 -8.8388846626 0.0000000000 0.0000000000 0.0000000000 1.0000000000
51.5000000000 171.6543181634 -294.0661250028 -5.4892858496 0.0000000000 0.0000000000 0.0000000000 1.0000000000
51.6000000000 165.6491212615 -301.5666630443 -8.4687562622 0.0000000000 0.0000000000 0.0000000000 1.0000000000
51.7000000000 169.8718765287 -295.6121420366 -5.6270326484 0.0000000000 0.0000000000 0.0000000000 1.0000000000
51.8000000000 165.2422487080 -292.1926889815 -8.5419778250 0.0000000000 0.0000000000 0.0000000000 1.0000000000
51.9000000000 162.8528165945 -291.1520010546 -10.8031780988 0.0000000000 0.0000000000 0.0000000000 1.0000000000
52.0000000000 165.1489392999 -289.4657613528 -1.2539025881 0.0000000000 0.0000000000 0.0000000000 1.0000000000
52.1000000000 163.7149649105 -292.0659018177 -12.5849013365 0.0000000000 0.0000000000 0.0000000000 1.0000000000
52.2000000000 165.4708946805 -299.5113774283 -0.8251523212 0.0000000000 0.0000000000 0.0000000000 1.0000000000
52.3000000000 167.5326112165 -290.4240764958 -11.4581872341 0.0000000000 0.0000000000 0.0000000000 1.0000000000
52.4000000000 165.0797389252 -284.2985515411 -9.8819641577 0.0000000000 0.0000000000 0.0000000000 1.0000000000
52.5000000000 176.2234402530 -301.0321818882 8.8399617280 0.0000000000 0.0000000000 0.0000000000 1.0000000000
52.6000000000 164.2321140368 -298.7664583729 0.5712366923 0.0000000000 0.0000000000 0.0000000000 1.0000000000
52.7000000000 166.9991007152 -295.8054873902 4.7900500683 0.0000000000 0.0000000000 0.0000000000 1.0000000000
52.8000000000 161.6315132853 -295.6870716930 -9.6211362570 0.0000000000 0.0000000000 0.0000000000 1.0000000000
52.9000000000 170.5541524727 -302.1016097898 1.7032876997 0.0000000000 0.0000000000 0.0000000000 1.0000000000
53.0000000000 170.6259278646 -298.2904115925 12.1018695585 0.0000000000 0.0000000000 0.0000000000 1.0000000000
53.1000000000 166.1834068866 -295.5061718804 12.3311416637 0.0000000000 0.0000000000 0.0000000000 1.0000000000
53.2000000000 171.3805308433 -298.3824651598 -2.0843562709 0.0000000000 0.0000000000 0.0000000000 1.0000000000
53.3000000000 165.9243865722 -298.9979109244 11.6756901001 0.0000000000 0.0000000000 0.0000000000 1.0000000000
53.4000000000 160.6344524874 -303.9187286621 2.8121446226 0.0000000000 0.0000000000 0.0000000000 1.0000000000
53.5000000000 160.6395167204 -293.1624592499 -10.1779107417 0.0000000000 0.0000000000 0.0000000000 1.0000000000
53.6000000000 161.2968111228 -307.3350190984 -9.7832665053 0.0000000000 0.0000000000 0.0000000000 1.0000000000
53.7000000000 167.4651447916 -292.6497761140 -15.2439477562 0.0000000000 0.0000000000 0.0000000000 1.0000000000
53.8000000000 159.4296959519 -301.8554051074 6.9450697701 0.0000000000 0.0000000000 0.0000000000 1.0000000000
53.9000000000 157.2354360948 -310.6002142372 5.4408425107 0.0000000000 0.0000000000 0.0000000000 1.0000000000
54.0000000000 159.4628795394 -308.2047914346 -0.0944008804 0.0000000000 0.0000000000 0.0000000000 1.0000000000
54.1000000000 153.3105350423 -306.8767785083 2.1942987443 0.0000000000 0.0000000000 0.0000000000 1.0000000000
54.2000000000 155.7720049476 -302.9852431833 -1.3657800595 0.0000000000 0.0000000000 0.0000000000 1.0000000000
54.3000000000 153.6485295836 -311.2059312479 -4.8659882923 0.0000000000 0.0000000000 0.0000000000 1.0000000000
54.4000000000 156.2818181804 -310.7593994912 1.6437128662 0.0000000000 0.0000000000 0.0000000000 1.0000000000
54.5000000000 153.2491061634 -312.6798897744 3.7191993989 0.0000000000 0.0000000000 0.0000000000 1.0000000000
54.6000000000 158.4912702148 -310.0169502474 -1.0651877809 0.0000000000 0.0000000000 0.0000000000 1.0000000000
54.7000000000 162.6785743917 -308.6176462988 0.0777389879 0.0000000000 0.0000000000 0.0000000000 1.0000000000
54.8000000000 164.3159060291 -309.3925287915 -4.3089901563 0.0000000000 0.0000000000 0.0000000000 1.0000000000
54.9000000000 158.7488242002 -320.4097546340 1.4839397388 0.0000000000 0.0000000000 0.0000000000 1.0000000000
55.0000000000 158.1550129730 -307.9595506150 -5.3398814535 0.0000000000 0.0000000000 0.0000000000 1.0000000000
55.1000000000 152.6917412650 -304.2038478029 -1.7438668356 0.0000000000 0.0000000000 0.0000000000 1.0000000000
55.2000000000 159.9173672377 -317.9194970728 -4.9037635578 0.0000000000 0.0000000000 0.0000000000 1.0000000000
55.3000000000 165.7085133196 -305.7246148591 -4.0223886921 0.0000000000 0.0000000000 0.0000000000 1.0000000000
55.4000000000 162.8918837264 -312.9482812881 -10.2685152867 0.0000000000 0.0000000000 0.0000000000 1.0000000000
55.5000000000 156.8570117342 -309.1674741147 3.1127402918 0.0000000000 0.0000000000 0.0000000000 1.0000000000
55.6000000000 155.8677936004 -307.9483189516 -3.1891572278 0.0000000000 0.0000000000 0.0000000000 1.0000000000
55.7000000000 150.8699218874 -314.4925581448 -3.7208932071 0.0000000000 0.0000000000 0.0000000000 1.0000000000
55.8000000000 153.1907317265 -300.5889246453 -9.9604672120 0.0000000000 0.0000000000 0.0000000000 1.0000000000
55.9000000000 144.1868860714 -315.3091443163 5.8208762494 0.0000000000 0.0000000000 0.0000000000 1.0000000000
56.0000000000 148.8499321895 -316.4718829087 13.5957176786 0.0000000000 0.0000000000 0.0000000000 1.0000000000
56.1000000000 157.3258605620 -307.5715793516 20.4240832492 0.0000000000 0.0000000000 0.0000000000 1.0000000000
56.2000000000 151.3568252673 -320.3749985837 6.8909908504 0.0000000000 0.0000000000 0.0000000000 1.0000000000
56.3000000000 152.6284011678 -320.5649922720 5.3202177993 0.0000000000 0.0000000000 0.0000000000 1.0000000000
56.4000000000 147.9256464887 -313.1219791260 -7.9238006651 0.0000000000 0.0000000000 0.0000000000 1.0000000000
56.5000000000 157.4317761787 -319.3136073122 5.1758526412 0.0000000000 0.0000000000 0.0000000000 1.0000000000
56.6000000000 153.4267870772 -321.0009617446 -10.6558221604 0.0000000000 0.0000000000 0.0000000000 1.0000000000
56.7000000000 150.9448530133 -320.1766866287 21.1415000002 0.0000000000 0.0000000000 0.0000000000 1.0000000000
56.8000000000 155.2559763297 -326.2183858557 7.3779516952 0.0000000000 0.0000000000 0.0000000000 1.0000000000
56.9000000000 153.9041971736 -315.7288971214 0.3621941713 0.0000000000 0.0000000000 0.0000000000 1.0000000000
57.0000000000 153.7630439513 -321.9194595736 -7.2337424430 0.0000000000 0.0000000000 0.0000000000 1.0000000000
57.1000000000 153.0548658758 -318.9179540694 -0.7841930583 0.0000000000 0.0000000000 0.0000000000 1.0000000000
57.2000000000 150.4941501561 -310.7683563817 -10.0883155462 0.0000000000 0.0000000000 0.0000000000 1.0000000000
57.3000000000 159.3085420314 -314.5506521099 4.4113935223 0.0000000000 0.0000000000 0.0000000000 1.0000000000
57.4000000000 145.2039242321 -316.1341101881 1.9922161713 0.0000000000 0.0000000000 0.0000000000 1.0000000000
57.5000000000 144.7642584209 -312.1279674187 -4.1518431408 0.0000000000 0.0000000000 0.0000000000 1.0000000000
57.6000000000 140.8796880976 -311.7281171138 -13.4497524993 0.0000000000 0.0000000000 0.0000000000 1.0000000000
57.7000000000 148.2565822442 -320.1209533081 -1.4625733673 0.0000000000 0.0000000000 0.0000000000 1.0000000000
57.8000000000 143.6302757556 -323.4836830287 -3.8433180378 0.0000000000 0.0000000000 0.0000000000 1.0000000000
57.9000000000 141.9599737799 -318.5359996107 -6.9945770946 0.0000000000 0.0000000000 0.0000000000 1.0000000000
58.0000000000 145.5550140945 -311.4121354496 -10.4221343970 0.0000000000 0.0000000000 0.0000000000 1.0000000000
58.1000000000 146.3144459356 -324.8556253699 6.2640565548 0.0000000000 0.0000000000 0.0000000000 1.0000000000
58.2000000000 147.0432196814 -310.7099084946 0.3298873556 0.0000000000 0.0000000000 0.0000000000 1.0000000000
58.3000000000 156.6079007223 -316.2234366597 -1.0327989712 0.0000000000 0.0000000000 0.0000000000 1.0000000000
58.4000000000 150.4967770365 -328.1649231479 -4.5215928568 0.0000000000 0.0000000000 0.0000000000 1.0000000000
58.5000000000 146.5791693805 -316.7474061700 2.1841101225 0.0000000000 0.0000000000 0.0000000000 1.0000000000
58.6000000000 145.0465580492 -327.2407357284 17.0598925408 0.0000000000 0.0000000000 0.0000000000 1.0000000000
58.7000000000 139.9575060400 -323.0368260824 0.1073306636 0.0000000000 0.0000000000 0.0000000000 1.0000000000
58.8000000000 149.0488717731 -329.4990353535 -8.5615645972 0.0000000000 0.0000000000 0.0000000000 1.0000000000
58.9000000000 136.9810963159 -320.3735626482 -5.1417192764 0.0000000000 0.0000000000 0.0000000000 1.0000000000
59.0000000000 147.4155688563 -325.3908922431 7.9321550779 0.0000000000 0.0000000000 0.0000000000 1.0000000000
59.1000000000 153.3374705039 -323.4719197948 1.7418503347 0.0000000000 0.0000000000 0.0000000000 1.0000000000
59.2000000000 131.8662530301 -328.5188165297 -0.7998236922 0.0000000000 0.0000000000 0.0000000000 1.0000000000
59.3000000000 134.7449969712 -323.0637621286 -4.0674233578 0.0000000000 0.0000000000 0.0000000000 1.0000000000
59.4000000000 142.9039559119 -320.1099385354 0.8102556206 0.0000000000 0.0000000000 0.0000000000 1.0000000000
59.5000000000 142.1605399821 -334.8030854312 6.2223396656 0.0000000000 0.0000000000 0.0000000000 1.0000000000
59.6000000000 135.5519077140 -327.0934325669 9.6816840647 0.0000000000 0.0000000000 0.0000000000 1.0000000000
59.7000000000 140.1113254284 -316.8615231037 5.5610630597 0.0000000000 0.0000000000 0.0000000000 1.0000000000
59.8000000000 138.0253821438 -335.1939540015 10.8323983632 0.0000000000 0.0000000000 0.0000000000 1.0000000000
59.9000000000 142.4894281750 -325.4982943300 -0.8308852427 0.0000000000 0.0000000000 0.0000000000 1.0000000000
60.0000000000 141.7111534682 -327.9347642717 -4.6000493875 0.0000000000 0.0000000000 0.0000000000 1.0000000000
60.1000000000 135.9593777734 -323.7825284748 -9.0784832732 0.0000000000 0.0000000000 0.0000000000 1.0000000000
60.2000000000 144.0513019485 -326.6925810980 -13.9139690671 0.0000000000 0.0000000000 0.0000000000 1.0000000000
60.3000000000 132.8512831993 -336.8944724140 -1.2106889405 0.0000000000 0.0000000000 0.0000000000 1.0000000000
60.4000000000 136.8677491351 -320.9696712517 -10.8262303441 0.0000000000 0.0000000000 0.0000000000 1.0000000000
60.5000000000 134.2179221350 -323.8419397268 0.1204942999 0.0000000000 0.0000000000 0.0000000000 1.0000000000
60.6000000000 142.3534734803 -335.8270720000 -9.8359964638 0.0000000000 0.0000000000 0.0000000000 1.0000000000
60.7000000000 132.7501335305 -334.3958375586 -5.0456128331 0.0000000000 0.0000000000 0.0000000000 1.0000000000
60.8000000000 143.1077900634 -331.2404035280 -1.9384643997 0.0000000000 0.0000000000 0.0000000000 1.0000000000
60.9000000000 148.0767664131 -328.4862105738 0.1708558412 0.0000000000 0.0000000000 0.0000000000 1.0000000000
61.0000000000 140.0989037616 -325.1662287174 -4.4112695453 0.0000000000 0.0000000000 0.0000000000 1.0000000000
61.1000000000 132.2886453160 -333.4437683786 0.4785415419 0.0000000000 0.0000000000 0.0000000000 1.0000000000
61.2000000000 137.1222455222 -334.3542367435 -5.4290790596 0.0000000000 0.0000000000 0.0000000000 1.0000000000
61.3000000000 143.3531601950 -327.9030221753 -9.1629120983 0.0000000000 0.0000000000 0.0000000000 1.0000000000
61.4000000000 138.8543241660 -335.8826600263 2.7851002986 0.0000000000 0.0000000000 0.0000000000 1.0000000000
61.5000000000 130.8208511383 -322.0825905781 -2.0317676624 0.0000000000 0.0000000000 0.0000000000 1.0000000000
61.6000000000 133.3017863316 -340.5328591434 -1.8010979759 0.0000000000 0.0000000000 0.0000000000 1.0000000000
61.7000000000 147.9351620640 -326.8730177552 0.3515341996 0.0000000000 0.0000000000 0.0000000000 1.0000000000
61.8000000000 134.1230782116 -334.7228158083 1.9237588081 0.0000000000 0.0000000000 0.0000000000 1.0000000000
61.9000000000 124.1353139105 -337.9185688953 2.0096333042 0.0000000000 0.0000000000 0.0000000000 1.0000000000
62.0000000000 134.4704131381 -326.3256654735 0.9229207771 0.0000000000 0.0000000000 0.0000000000 1.0000000000
62.1000000000 122.0197447834 -329.2330538254 -10.7194382213 0.0000000000 0.0000000000 0.0000000000 1.0000000000
62.2000000000 126.6468510353 -332.7909557193 3.1093442594 0.0000000000 0.0000000000 0.0000000000 1.0000000000
62.3000000000 136.4297558424 -327.1530445055 -0.7414930058 0.0000000000 0.0000000000 0.0000000000 1.0000000000
62.4000000000 132.9167480728 -323.2659011216 6.5910098538 0.0000000000 0.0000000000 0.0000000000 1.0000000000
62.5000000000 133.1755916916 -342.0021434158 17.0680756313 0.0000000000 0.0000000000 0.0000000000 1.0000000000
62.6000000000 124.6472675804 -326.9344976945 -0.3572946850 0.0000000000 0.0000000000 0.0000000000 1.0000000000
62.7000000000 131.2052363175 -344.3115872947 13.9807587799 0.0000000000 0.0000000000 0.0000000000 1.0000000000
62.8000000000 128.8962780906 -341.8525550584 -3.7498425070 0.0000000000 0.0000000000 0.0000000000 1.0000000000
62.9000000000 126.2668520968 -348.6357608633 -1.4091921926 0.0000000000 0.0000000000 0.0000000000 1.0000000000
63.0000000000 131.8862104583 -337.5909860618 -5.2812855460 0.0000000000 0.0000000000 0.0000000000 1.0000000000
63.1000000000 135.9771416274 -341.1143606531 -2.3765573191 0.0000000000 0.0000000000 0.0000000000 1.0000000000
63.2000000000 131.0067876271 -330.5346486448 -14.4985143000 0.0000000000 0.0000000000 0.0000000000 1.0000000000
63.3000000000 122.4742540906 -334.3218568874 -12.3419473617 0.0000000000 0.0000000000 0.0000000000 1.0000000000
63.4000000000 131.1812219696 -341.4744437956 -3.8249512411 0.0000000000 0.0000000000 0.0000000000 1.0000000000
63.5000000000 123.6117499388 -337.4238081057 8.6457366630 0.0000000000 0.0000000000 0.0000000000 1.0000000000
63.6000000000 121.6768774648 -336.7021077561 -7.8236640878 0.0000000000 0.0000000000 0.0000000000 1.0000000000
63.7000000000 135.5619436927 -338.2581195767 3.0184724891 0.0000000000 0.0000000000 0.0000000000 1.0000000000
63.8000000000 132.8148221015 -334.7424513871 6.6218961541 0.0000000000 0.0000000000 0.0000000000 1.0000000000
