0.1000000000 0.0044999997 -0.0000000003 -0.0000000018 0.0000000000 0.0000000000 0.0000000000 1.0000000000
0.2000000000 0.0189999997 -0.0000000004 -0.0000000003 0.0000000000 0.0000000000 0.0000000000 1.0000000000
0.3000000000 0.0434999999 -0.0000000002 -0.0000000007 0.0000000000 0.0000000000 0.0000000000 1.0000000000
0.4000000000 0.0779999999 -0.0000000004 -0.0000000009 0.0000000000 0.0000000000 0.0000000000 1.0000000000
0.5000000000 0.1225000002 -0.0000000001 -0.0000000006 0.0000000000 0.0000000000 0.0000000000 1.0000000000
0.6000000000 0.1770000004 -0.0000000002 0.0000000011 0.0000000000 0.0000000000 0.0000000000 1.0000000000
0.7000000000 0.2414999996 -0.0000000002 0.0000000031 0.0000000000 0.0000000000 0.0000000000 1.0000000000
0.8000000000 0.3159999996 -0.0000000001 0.0000000069 0.0000000000 0.0000000000 0.0000000000 1.0000000000
0.9000000000 0.4004999995 0.0000000000 0.0000000117 0.0000000000 0.0000000000 0.0000000000 1.0000000000
1.0000000000 0.4950000008 -0.0000000001 0.0000000182 0.0000000000 0.0000000000 0.0000000000 1.0000000000
1.1000000000 0.5995000001 -0.0000000001 0.0000000281 0.0000000000 0.0000000000 0.0000000000 1.0000000000
1.2000000000 0.7140000002 -0.0000000004 0.0000000388 0.0000000000 0.0000000000 0.0000000000 1.0000000000
1.3000000000 0.8384999998 -0.0000000000 0.0000000542 0.0000000000 0.0000000000 0.0000000000 1.0000000000
1.4000000000 0.9730000005 0.0000000002 0.0000000738 0.0000000000 0.0000000000 0.0000000000 1.0000000000
1.5000000000 1.1174999996 -0.0000000002 0.0000000972 0.0000000000 0.0000000000 0.0000000000 1.0000000000
1.6000000000 1.2720000000 0.0000000001 0.0000001266 0.0000000000 0.0000000000 0.0000000000 1.0000000000
1.7000000000 1.4365000003 -0.0000000004 0.0000001615 0.0000000000 0.0000000000 0.0000000000 1.0000000000
1.8000000000 1.6110000001 -0.0000000002 0.0000002023 0.0000000000 0.0000000000 0.0000000000 1.0000000000
1.9000000000 1.7955000003 -0.0000000002 0.0000002530 0.0000000000 0.0000000000 0.0000000000 1.0000000000
2.0000000000 1.9900000000 -0.0000000003 0.0000003113 0.0000000000 0.0000000000 0.0000000000 1.0000000000
2.1000000000 2.1945000008 -0.0000000002 0.0000003788 0.0000000000 0.0000000000 0.0000000000 1.0000000000
2.2000000000 2.4090000002 -0.0000000004 0.0000004560 0.0000000000 0.0000000000 0.0000000000 1.0000000000
2.3000000000 2.6335000006 0.0000000002 0.0000005457 0.0000000000 0.0000000000 0.0000000000 1.0000000000
2.4000000000 2.8680000002 0.0000000001 0.0000006463 0.0000000000 0.0000000000 0.0000000000 1.0000000000
2.5000000000 3.1125000000 0.0000000001 0.0000007617 0.0000000000 0.0000000000 0.0000000000 1.0000000000
2.6000000000 3.3670000004 0.0000000001 0.0000008918 0.0000000000 0.0000000000 0.0000000000 1.0000000000
2.7000000000 3.6314999997 -0.0000000004 0.0000010364 0.0000000000 0.0000000000 0.0000000000 1.0000000000
2.8000000000 3.9060000000 -0.0000000002 0.0000012001 0.0000000000 0.0000000000 0.0000000000 1.0000000000
2.9000000000 4.1904999997 -0.0000000002 0.0000013817 0.0000000000 0.0000000000 0.0000000000 1.0000000000
3.0000000000 4.4849999997 -0.0000000003 0.0000015821 0.0000000000 0.0000000000 0.0000000000 1.0000000000
3.1000000000 4.7895000000 -0.0000000000 0.0000018046 0.0000000000 0.0000000000 0.0000000000 1.0000000000
3.2000000000 5.1039999999 -0.0000000001 0.0000020501 0.0000000000 0.0000000000 0.0000000000 1.0000000000
3.3000000000 5.4284999994 -0.0000000001 0.0000023184 0.0000000000 0.0000000000 0.0000000000 1.0000000000
3.4000000000 5.7630000008 -0.0000000002 0.0000026132 0.0000000000 0.0000000000 0.0000000000 1.0000000000
3.5000000000 6.1075000002 0.0000000000 0.0000029355 0.0000000000 0.0000000000 0.0000000000 1.0000000000
3.6000000000 6.4620000003 -0.0000000003 0.0000032852 0.0000000000 0.0000000000 0.0000000000 1.0000000000
3.7000000000 6.8264999995 -0.0000000001 0.0000036666 0.0000000000 0.0000000000 0.0000000000 1.0000000000
3.8000000000 7.2010000002 -0.0000000005 0.0000040803 0.0000000000 0.0000000000 0.0000000000 1.0000000000
3.9000000000 7.5855000005 -0.0000000002 0.0000045276 0.0000000000 0.0000000000 0.0000000000 1.0000000000
4.0000000000 7.9800000002 0.0000000001 0.0000050106 0.0000000000 0.0000000000 0.0000000000 1.0000000000
4.1000000000 8.3845000004 0.0000000001 0.0000055325 0.0000000000 0.0000000000 0.0000000000 1.0000000000
4.2000000000 8.7989999996 -0.0000000003 0.0000060930 0.0000000000 0.0000000000 0.0000000000 1.0000000000
4.3000000000 9.2235000000 -0.0000000003 0.0000066942 0.0000000000 0.0000000000 0.0000000000 1.0000000000
4.4000000000 9.6580000006 -0.0000000003 0.0000073405 0.0000000000 0.0000000000 0.0000000000 1.0000000000
4.5000000000 10.1025000004 -0.0000000002 0.0000080314 0.0000000000 0.0000000000 0.0000000000 1.0000000000
4.6000000000 10.5570000000 -0.0000000003 0.0000087705 0.0000000000 0.0000000000 0.0000000000 1.0000000000
4.7000000000 11.0214999996 -0.0000000000 0.0000095597 0.0000000000 0.0000000000 0.0000000000 1.0000000000
4.8000000000 11.4960000010 -0.0000000004 0.0000104013 0.0000000000 0.0000000000 0.0000000000 1.0000000000
4.9000000000 11.9805000002 -0.0000000004 0.0000112956 0.0000000000 0.0000000000 0.0000000000 1.0000000000
5.0000000000 12.4749999999 0.0000000000 0.0000122474 0.0000000000 0.0000000000 0.0000000000 1.0000000000
5.1000000000 12.9795000011 -0.0000000003 0.0000132581 0.0000000000 0.0000000000 0.0000000000 1.0000000000
5.2000000000 13.4939999999 -0.0000000001 0.0000143304 0.0000000000 0.0000000000 0.0000000000 1.0000000000
5.3000000000 14.0185000008 0.0000000000 0.0000154659 0.0000000000 0.0000000000 0.0000000000 1.0000000000
5.4000000000 14.5530000014 -0.0000000002 0.0000166674 0.0000000000 0.0000000000 0.0000000000 1.0000000000
5.5000000000 15.0975000005 0.0000000002 0.0000179389 0.0000000000 0.0000000000 0.0000000000 1.0000000000
5.6000000000 15.6520000013 -0.0000000000 0.0000192804 0.0000000000 0.0000000000 0.0000000000 1.0000000000
5.7000000000 16.2165000005 -0.0000000001 0.0000206962 0.0000000000 0.0000000000 0.0000000000 1.0000000000
5.8000000000 16.7910000005 0.0000000000 0.0000221895 0.0000000000 0.0000000000 0.0000000000 1.0000000000
5.9000000000 17.3755000001 -0.0000000003 0.0000237617 0.0000000000 0.0000000000 0.0000000000 1.0000000000
6.0000000000 17.9700000006 -0.0000000001 0.0000254150 0.0000000000 0.0000000000 0.0000000000 1.0000000000
6.1000000000 18.5744999999 -0.0000000001 0.0000271540 0.0000000000 0.0000000000 0.0000000000 1.0000000000
6.2000000000 19.1890000006 -0.0000000000 0.0000289804 0.0000000000 0.0000000000 0.0000000000 1.0000000000
6.3000000000 19.8135000007 -0.0000000002 0.0000308970 0.0000000000 0.0000000000 0.0000000000 1.0000000000
6.4000000000 20.4480000006 -0.0000000001 0.0000329071 0.0000000000 0.0000000000 0.0000000000 1.0000000000
6.5000000000 21.0925000008 0.0000000003 0.0000350153 0.0000000000 0.0000000000 0.0000000000 1.0000000000
6.6000000000 21.7470000004 -0.0000000001 0.0000372217 0.0000000000 0.0000000000 0.0000000000 1.0000000000
6.7000000000 22.4115000005 0.0000000000 0.0000395299 0.0000000000 0.0000000000 0.0000000000 1.0000000000
6.8000000000 23.0860000004 -0.0000000004 0.0000419460 0.0000000000 0.0000000000 0.0000000000 1.0000000000
6.9000000000 23.7705000004 -0.0000000004 0.0000444705 0.0000000000 0.0000000000 0.0000000000 1.0000000000
7.0000000000 24.4650000003 -0.0000000003 0.0000471074 0.0000000000 0.0000000000 0.0000000000 1.0000000000
7.1000000000 25.1695000010 -0.0000000002 0.0000498589 0.0000000000 0.0000000000 0.0000000000 1.0000000000
7.2000000000 25.8840000011 -0.0000000001 0.0000527295 0.0000000000 0.0000000000 0.0000000000 1.0000000000
7.3000000000 26.6085000011 -0.0000000004 0.0000557231 0.0000000000 0.0000000000 0.0000000000 1.0000000000
7.4000000000 27.3430000014 -0.0000000002 0.0000588414 0.0000000000 0.0000000000 0.0000000000 1.0000000000
7.5000000000 28.0875000007 -0.0000000002 0.0000620894 0.0000000000 0.0000000000 0.0000000000 1.0000000000
7.6000000000 28.8420000011 0.0000000000 0.0000654706 0.0000000000 0.0000000000 0.0000000000 1.0000000000
7.7000000000 29.6065000006 0.0000000001 0.0000689877 0.0000000000 0.0000000000 0.0000000000 1.0000000000
7.8000000000 30.3810000014 -0.0000000002 0.0000726447 0.0000000000 0.0000000000 0.0000000000 1.0000000000
7.9000000000 31.1655000012 -0.0000000004 0.0000764437 0.0000000000 0.0000000000 0.0000000000 1.0000000000
8.0000000000 31.9600000006 -0.0000000003 0.0000803922 0.0000000000 0.0000000000 0.0000000000 1.0000000000
8.1000000000 32.7645000011 -0.0000000000 0.0000844890 0.0000000000 0.0000000000 0.0000000000 1.0000000000
8.2000000000 33.5790000013 -0.0000000004 0.0000887432 0.0000000000 0.0000000000 0.0000000000 1.0000000000
8.3000000000 34.4035000007 -0.0000000001 0.0000931543 0.0000000000 0.0000000000 0.0000000000 1.0000000000
8.4000000000 35.2380000013 -0.0000000001 0.0000977281 0.0000000000 0.0000000000 0.0000000000 1.0000000000
8.5000000000 36.0825000010 -0.0000000002 0.0001024682 0.0000000000 0.0000000000 0.0000000000 1.0000000000
8.6000000000 36.9370000014 -0.0000000005 0.0001073799 0.0000000000 0.0000000000 0.0000000000 1.0000000000
8.7000000000 37.8015000020 -0.0000000000 0.0001124644 0.0000000000 0.0000000000 0.0000000000 1.0000000000
8.8000000000 38.6760000009 -0.0000000003 0.0001177274 0.0000000000 0.0000000000 0.0000000000 1.0000000000
8.9000000000 39.5605000022 0.0000000000 0.0001231745 0.0000000000 0.0000000000 0.0000000000 1.0000000000
9.0000000000 40.4550000017 -0.0000000003 0.0001288080 0.0000000000 0.0000000000 0.0000000000 1.0000000000
9.1000000000 41.3595000015 -0.0000000001 0.0001346330 0.0000000000 0.0000000000 0.0000000000 1.0000000000
9.2000000000 42.2740000017 -0.0000000000 0.0001406516 0.0000000000 0.0000000000 0.0000000000 1.0000000000
9.3000000000 43.1985000020 -0.0000000002 0.0001468701 0.0000000000 0.0000000000 0.0000000000 1.0000000000
9.4000000000 44.1330000014 -0.0000000004 0.0001532941 0.0000000000 0.0000000000 0.0000000000 1.0000000000
9.5000000000 45.0775000018 -0.0000000003 0.0001599261 0.0000000000 0.0000000000 0.0000000000 1.0000000000
9.6000000000 46.0238996604 -0.0005662500 0.0001667108 0.0000000000 0.0000000000 -0.0011249998 0.9999993672
9.7000000000 46.9603856026 -0.0053365942 0.0001735644 0.0000000000 0.0000000000 -0.0047499821 0.9999887188
9.8000000000 47.8867814875 -0.0188530311 0.0001804800 0.0000000000 0.0000000000 -0.0108747856 0.9999408678
9.9000000000 48.8028829380 -0.0455050763 0.0001874512 0.0000000000 0.0000000000 -0.0194987642 0.9998098810
10.0000000000 49.7082953836 -0.0895246200 0.0001944729 0.0000000000 0.0000000000 -0.0306202131 0.9995310913
10.1000000000 50.6023759067 -0.1549762199 0.0002015329 0.0000000000 0.0000000000 -0.0442355607 0.9990211285
10.2000000000 51.4841794599 -0.2457415080 0.0002086209 0.0000000000 0.0000000000 -0.0603383275 0.9981779832
10.3000000000 52.3524099628 -0.3654965190 0.0002157216 0.0000000000 0.0000000000 -0.0789178525 0.9968811226
10.4000000000 53.2053770517 -0.5176810160 0.0002228186 0.0000000000 0.0000000000 -0.0999577914 0.9949916783
10.5000000000 54.0409750422 -0.7053946901 0.0002298902 0.0000000000 0.0000000000 -0.1231843322 0.9923838070
10.6000000000 54.8570583955 -0.9299704204 0.0002369125 0.0000000000 0.0000000000 -0.1469158621 0.9891489926
10.7000000000 55.6520594295 -1.1899298162 0.0002438703 0.0000000000 0.0000000000 -0.1699986580 0.9854442938
10.8000000000 56.4249410859 -1.4825769392 0.0002507498 0.0000000000 0.0000000000 -0.1920486200 0.9813854123
10.9000000000 57.1750558568 -1.8049109261 0.0002575397 0.0000000000 0.0000000000 -0.2129654756 0.9770597250
11.0000000000 57.9020506829 -2.1539551795 0.0002642324 0.0000000000 0.0000000000 -0.2327518839 0.9725361487
11.1000000000 58.6058023596 -2.5268729903 0.0002708213 0.0000000000 0.0000000000 -0.2514468980 0.9678710955
11.2000000000 59.2863710754 -2.9210047808 0.0002773050 0.0000000000 0.0000000000 -0.2691014569 0.9631118346
11.3000000000 59.9439646616 -3.3338760919 0.0002836774 0.0000000000 0.0000000000 -0.2857693331 0.9582984338
11.4000000000 60.5789097006 -3.7631944363 0.0002899385 0.0000000000 0.0000000000 -0.3015037765 0.9534649824
11.5000000000 61.1916274506 -4.2068417182 0.0002960888 0.0000000000 0.0000000000 -0.3163562717 0.9486404532
11.6000000000 61.7826135281 -4.6628648825 0.0003021248 0.0000000000 0.0000000000 -0.3303760893 0.9438493734
11.7000000000 62.3524206699 -5.1294659078 0.0003080511 0.0000000000 0.0000000000 -0.3436101443 0.9391123834
11.8000000000 62.9016441341 -5.6049916168 0.0003138650 0.0000000000 0.0000000000 -0.3561029787 0.9344467179
11.9000000000 63.4309093427 -6.0879236267 0.0003195701 0.0000000000 0.0000000000 -0.3678967988 0.9298666278
12.0000000000 63.9408615028 -6.5768685994 0.0003251660 0.0000000000 0.0000000000 -0.3790315393 0.9253837540
12.1000000000 64.4321569215 -7.0705488514 0.0003306576 0.0000000000 0.0000000000 -0.3895449422 0.9210074582
12.2000000000 64.9054557854 -7.5677934443 0.0003360457 0.0000000000 0.0000000000 -0.3994726428 0.9167451160
12.3000000000 65.3614162172 -8.0675297578 0.0003413327 0.0000000000 0.0000000000 -0.4088482614 0.9126023774
12.4000000000 65.8006894086 -8.5687755792 0.0003465200 0.0000000000 0.0000000000 -0.4177034966 0.9085833968
12.5000000000 66.2239157035 -9.0706317189 0.0003516112 0.0000000000 0.0000000000 -0.4260682196 0.9046910369
12.6000000000 66.6317214644 -9.5722751065 0.0003566083 0.0000000000 0.0000000000 -0.4339705670 0.9009270486
12.7000000000 67.0247166190 -10.0729524363 0.0003615122 0.0000000000 0.0000000000 -0.4414370333 0.8972922298
12.8000000000 67.4034927983 -10.5719742525 0.0003663270 0.0000000000 0.0000000000 -0.4484925595 0.8937865652
12.9000000000 67.7686219365 -11.0687095120 0.0003710539 0.0000000000 0.0000000000 -0.4551606202 0.8904093496
13.0000000000 68.1206552994 -11.5625805731 0.0003756935 0.0000000000 0.0000000000 -0.4614633065 0.8871592961
13.1000000000 68.4601228476 -12.0530585959 0.0003802503 0.0000000000 0.0000000000 -0.4674214061 0.8840346312
13.2000000000 68.7875328802 -12.5396593252 0.0003847240 0.0000000000 0.0000000000 -0.4730544791 0.8810331775
13.3000000000 69.1033719224 -13.0219392295 0.0003891171 0.0000000000 0.0000000000 -0.4783809310 0.8781524269
13.4000000000 69.4081048005 -13.4994919579 0.0003934304 0.0000000000 0.0000000000 -0.4834180813 0.8753896039
13.5000000000 69.7021748768 -13.9719451158 0.0003976665 0.0000000000 0.0000000000 -0.4881822285 0.8727417211
13.6000000000 69.9860044114 -14.4389573164 0.0004018276 0.0000000000 0.0000000000 -0.4926887120 0.8702056269
13.7000000000 70.2599950226 -14.9002154842 0.0004059103 0.0000000000 0.0000000000 -0.4969519701 0.8677780473
13.8000000000 70.5245282285 -15.3554323999 0.0004099211 0.0000000000 0.0000000000 -0.5009855947 0.8654556222
13.9000000000 70.7799660469 -15.8043444684 0.0004138569 0.0000000000 0.0000000000 -0.5048023827 0.8632349358
14.0000000000 71.0266516421 -16.2467096719 0.0004177193 0.0000000000 0.0000000000 -0.5084143850 0.8611125438
14.1000000000 71.2666320552 -16.6854671206 0.0004215395 0.0000000000 0.0000000000 -0.5118329512 0.8590849958
14.2000000000 71.5031511905 -17.1259867218 0.0004253635 0.0000000000 0.0000000000 -0.5150687730 0.8571488547
14.3000000000 71.7364191478 -17.5682366491 0.0004291956 0.0000000000 0.0000000000 -0.5181319238 0.8553007130
14.4000000000 71.9665909089 -18.0121060028 0.0004330362 0.0000000000 0.0000000000 -0.5210318965 0.8535372064
14.5000000000 72.1938148229 -18.4574917156 0.0004368871 0.0000000000 0.0000000000 -0.5237776390 0.8518550258
14.6000000000 72.4182327881 -18.9042979409 0.0004407487 0.0000000000 0.0000000000 -0.5263775865 0.8502509256
14.7000000000 72.6399804550 -19.3524355035 0.0004446225 0.0000000000 0.0000000000 -0.5288396931 0.8487217324
14.8000000000 72.8591874294 -19.8018213904 0.0004485104 0.0000000000 0.0000000000 -0.5311714605 0.8472643504
14.9000000000 73.0759774735 -20.2523782820 0.0004524139 0.0000000000 0.0000000000 -0.5333799652 0.8458757667
15.0000000000 73.2904687226 -20.7040341187 0.0004563342 0.0000000000 0.0000000000 -0.5354718839 0.8445530543
15.1000000000 73.5027738825 -21.1567217164 0.0004602713 0.0000000000 0.0000000000 -0.5374535174 0.8432933752
15.2000000000 73.7130004489 -21.6103783912 0.0004642265 0.0000000000 0.0000000000 -0.5393308128 0.8420939819
15.3000000000 73.9212509012 -22.0649456357 0.0004682004 0.0000000000 0.0000000000 -0.5411093847 0.8409522185
15.4000000000 74.1276229095 -22.5203688003 0.0004721958 0.0000000000 0.0000000000 -0.5427945345 0.8398655210
15.5000000000 74.3322095296 -22.9765968300 0.0004762112 0.0000000000 0.0000000000 -0.5443912688 0.8388314172
15.6000000000 74.5350993982 -23.4335819825 0.0004802501 0.0000000000 0.0000000000 -0.5459043171 0.8378475258
15.7000000000 74.7363769180 -23.8912796089 0.0004843125 0.0000000000 0.0000000000 -0.5473381473 0.8369115560
15.8000000000 74.9361224415 -24.3496479195 0.0004883955 0.0000000000 0.0000000000 -0.5486969812 0.8360213053
15.9000000000 75.1344124490 -24.8086477827 0.0004925058 0.0000000000 0.0000000000 -0.5499848088 0.8351746584
16.0000000000 75.3313197195 -25.2682425482 0.0004966397 0.0000000000 0.0000000000 -0.5512054016 0.8343695855
16.1000000000 75.5269134974 -25.7283978639 0.0005008003 0.0000000000 0.0000000000 -0.5523623249 0.8336041399
16.2000000000 75.7212596520 -26.1890815186 0.0005049872 0.0000000000 0.0000000000 -0.5534589499 0.8328764559
16.3000000000 75.9144208291 -26.6502632913 0.0005092002 0.0000000000 0.0000000000 -0.5544984645 0.8321847468
16.4000000000 76.1064566039 -27.1119148319 0.0005134428 0.0000000000 0.0000000000 -0.5554838838 0.8315273025
16.5000000000 76.2974236210 -27.5740095117 0.0005177122 0.0000000000 0.0000000000 -0.5564180597 0.8309024869
16.6000000000 76.4873757309 -28.0365223231 0.0005220104 0.0000000000 0.0000000000 -0.5573036906 0.8303087356
16.7000000000 76.6763641243 -28.4994297671 0.0005263388 0.0000000000 0.0000000000 -0.5581433293 0.8297445534
16.8000000000 76.8644374512 -28.9627097573 0.0005306962 0.0000000000 0.0000000000 -0.5589393915 0.8292085122
16.9000000000 77.0516419522 -29.4263415116 0.0005350851 0.0000000000 0.0000000000 -0.5596941635 0.8286992478
17.0000000000 77.2380215638 -29.8903054966 0.0005395028 0.0000000000 0.0000000000 -0.5604098092 0.8282154585
17.1000000000 77.4236180338 -30.3545833167 0.0005439535 0.0000000000 0.0000000000 -0.5610883770 0.8277559019
17.2000000000 77.6084710263 -30.8191576600 0.0005484354 0.0000000000 0.0000000000 -0.5617318061 0.8273193930
17.3000000000 77.7926182237 -31.2840122226 0.0005529481 0.0000000000 0.0000000000 -0.5623419325 0.8269048016
17.4000000000 77.9760954201 -31.7491316437 0.0005574953 0.0000000000 0.0000000000 -0.5629204947 0.8265110506
17.5000000000 78.1589366155 -32.2145014557 0.0005620715 0.0000000000 0.0000000000 -0.5634691390 0.8261371130
17.6000000000 78.3411741024 -32.6801080110 0.0005666825 0.0000000000 0.0000000000 -0.5639894245 0.8257820106
17.7000000000 78.5228385507 -33.1459384507 0.0005713278 0.0000000000 0.0000000000 -0.5644828280 0.8254448116
17.8000000000 78.7039590880 -33.6119806415 0.0005760053 0.0000000000 0.0000000000 -0.5649507482 0.8251246283
17.9000000000 78.8845633726 -34.0782231390 0.0005807171 0.0000000000 0.0000000000 -0.5653945101 0.8248206156
18.0000000000 79.0646776699 -34.5446551487 0.0005854622 0.0000000000 0.0000000000 -0.5658153690 0.8245319692
18.1000000000 79.2443269178 -35.0112664730 0.0005902429 0.0000000000 0.0000000000 -0.5662145141 0.8242579233
18.2000000000 79.4235347975 -35.4780474900 0.0005950592 0.0000000000 0.0000000000 -0.5665930722 0.8239977491
18.3000000000 79.6023237891 -35.9449891127 0.0005999085 0.0000000000 0.0000000000 -0.5669521111 0.8237507534
18.4000000000 79.7807152372 -36.4120827621 0.0006047928 0.0000000000 0.0000000000 -0.5672926424 0.8235162766
18.5000000000 79.9587294063 -36.8793203287 0.0006097129 0.0000000000 0.0000000000 -0.5676156249 0.8232936914
18.6000000000 80.1363855344 -37.3466941480 0.0006146687 0.0000000000 0.0000000000 -0.5679219673 0.8230824011
18.7000000000 80.3137018810 -37.8141969859 0.0006196611 0.0000000000 0.0000000000 -0.5682125308 0.8228818383
18.8000000000 80.4906957822 -38.2818219949 0.0006246868 0.0000000000 0.0000000000 -0.5684881315 0.8226914637
18.9000000000 80.6673836912 -38.7495627067 0.0006297498 0.0000000000 0.0000000000 -0.5687495431 0.8225107642
19.0000000000 80.8437812305 -39.2174130052 0.0006348490 0.0000000000 0.0000000000 -0.5689974989 0.8223392525
19.1000000000 81.0199032237 -39.6853670994 0.0006399854 0.0000000000 0.0000000000 -0.5692326942 0.8221764651
19.2000000000 81.1957637432 -40.1534195241 0.0006451569 0.0000000000 0.0000000000 -0.5694557880 0.8220219617
19.3000000000 81.3713761459 -40.6215650986 0.0006503662 0.0000000000 0.0000000000 -0.5696674048 0.8218753238
19.4000000000 81.5467531067 -41.0897989229 0.0006556106 0.0000000000 0.0000000000 -0.5698681372 0.8217361537
19.5000000000 81.7219066592 -41.5581163675 0.0006608927 0.0000000000 0.0000000000 -0.5700585464 0.8216040735
19.6000000000 81.8968482187 -42.0265130439 0.0006662132 0.0000000000 0.0000000000 -0.5702391651 0.8214787244
19.7000000000 82.0715886243 -42.4949847997 0.0006715689 0.0000000000 0.0000000000 -0.5704104979 0.8213597652
19.8000000000 82.2461381603 -42.9635277073 0.0006769614 0.0000000000 0.0000000000 -0.5705730235 0.8212468721
19.9000000000 82.4205065867 -43.4321380471 0.0006823919 0.0000000000 0.0000000000 -0.5707271957 0.8211397372
20.0000000000 82.5947031657 -43.9008122909 0.0006878605 0.0000000000 0.0000000000 -0.5708734449 0.8210380685
20.1000000000 82.7687366871 -44.3695471112 0.0006933654 0.0000000000 0.0000000000 -0.5710121790 0.8209415883
20.2000000000 82.9426154934 -44.8383393442 0.0006989092 0.0000000000 0.0000000000 -0.5711437852 0.8208500330
20.3000000000 83.1163475005 -45.3071859988 0.0007044901 0.0000000000 0.0000000000 -0.5712686303 0.8207631522
20.4000000000 83.2899402192 -45.7760842475 0.0007101083 0.0000000000 0.0000000000 -0.5713870624 0.8206807083
20.5000000000 83.4634007792 -46.2450314002 0.0007157646 0.0000000000 0.0000000000 -0.5714994114 0.8206024755
20.6000000000 83.6367359430 -46.7140249184 0.0007214598 0.0000000000 0.0000000000 -0.5716059903 0.8205282395
20.7000000000 83.8099521306 -47.1830623922 0.0007271914 0.0000000000 0.0000000000 -0.5717070960 0.8204577968
20.8000000000 83.9830554311 -47.6521415354 0.0007329618 0.0000000000 0.0000000000 -0.5718030100 0.8203909542
20.9000000000 84.1560516265 -48.1212601932 0.0007387690 0.0000000000 0.0000000000 -0.5718939992 0.8203275283
21.0000000000 84.3289461983 -48.5904163157 0.0007446158 0.0000000000 0.0000000000 -0.5719803169 0.8202673449
21.1000000000 84.5017443523 -49.0596079577 0.0007505013 0.0000000000 0.0000000000 -0.5720622031 0.8202102387
21.2000000000 84.6744510257 -49.5288332813 0.0007564242 0.0000000000 0.0000000000 -0.5721398858 0.8201560529
21.3000000000 84.8470709036 -49.9980905392 0.0007623841 0.0000000000 0.0000000000 -0.5722135809 0.8201046383
21.4000000000 85.0196084312 -50.4673780868 0.0007683836 0.0000000000 0.0000000000 -0.5722834934 0.8200558537
21.5000000000 85.1920678275 -50.9366943520 0.0007744210 0.0000000000 0.0000000000 -0.5723498176 0.8200095648
21.6000000000 85.3644530951 -51.4060378486 0.0007804967 0.0000000000 0.0000000000 -0.5724127379 0.8199656441
21.7000000000 85.5367680308 -51.8754071717 0.0007866118 0.0000000000 0.0000000000 -0.5724724291 0.8199239708
21.8000000000 85.7090162382 -52.3448009885 0.0007927647 0.0000000000 0.0000000000 -0.5725290571 0.8198844301
21.9000000000 85.8812011368 -52.8142180292 0.0007989565 0.0000000000 0.0000000000 -0.5725827793 0.8198469131
22.0000000000 86.0533259702 -53.2836571015 0.0008051861 0.0000000000 0.0000000000 -0.5726337449 0.8198113163
22.1000000000 86.2253938179 -53.7531170611 0.0008114562 0.0000000000 0.0000000000 -0.5726820953 0.8197775416
22.2000000000 86.3974075988 -54.2225968368 0.0008177627 0.0000000000 0.0000000000 -0.5727279650 0.8197454959
22.3000000000 86.5693700836 -54.6920954029 0.0008241079 0.0000000000 0.0000000000 -0.5727714813 0.8197150908
22.4000000000 86.7412839033 -55.1616117908 0.0008304935 0.0000000000 0.0000000000 -0.5728127651 0.8196862425
22.5000000000 86.9131515503 -55.6311450803 0.0008369165 0.0000000000 0.0000000000 -0.5728519308 0.8196588714
22.6000000000 87.0849753924 -56.1006944034 0.0008433785 0.0000000000 0.0000000000 -0.5728890873 0.8196329018
22.7000000000 87.2567576754 -56.5702589329 0.0008498803 0.0000000000 0.0000000000 -0.5729243377 0.8196082621
22.8000000000 87.4285005293 -57.0398378825 0.0008564191 0.0000000000 0.0000000000 -0.5729577798 0.8195848843
22.9000000000 87.6002059757 -57.5094305156 0.0008629977 0.0000000000 0.0000000000 -0.5729895064 0.8195627039
23.0000000000 87.7718759332 -57.9790361216 0.0008696141 0.0000000000 0.0000000000 -0.5730196056 0.8195416595
23.1000000000 87.9435122209 -58.4486540330 0.0008762705 0.0000000000 0.0000000000 -0.5730481609 0.8195216930
23.2000000000 88.1151165657 -58.9182836189 0.0008829650 0.0000000000 0.0000000000 -0.5730752515 0.8195027493
23.3000000000 88.2866906054 -59.3879242778 0.0008896980 0.0000000000 0.0000000000 -0.5731009526 0.8194847760
23.4000000000 88.4582358951 -59.8575754407 0.0008964724 0.0000000000 0.0000000000 -0.5731253355 0.8194677235
23.5000000000 88.6297539069 -60.3272365639 0.0009032831 0.0000000000 0.0000000000 -0.5731484678 0.8194515445
23.6000000000 88.8012460424 -60.7969071363 0.0009101338 0.0000000000 0.0000000000 -0.5731704137 0.8194361945
23.7000000000 88.9727136281 -61.2665866720 0.0009170232 0.0000000000 0.0000000000 -0.5731912340 0.8194216310
23.8000000000 89.1441579227 -61.7362747109 0.0009239510 0.0000000000 0.0000000000 -0.5732109865 0.8194078136
23.9000000000 89.3155801210 -62.2059708134 0.0009309183 0.0000000000 0.0000000000 -0.5732297260 0.8193947042
24.0000000000 89.4869813584 -62.6756745674 0.0009379244 0.0000000000 0.0000000000 -0.5732475044 0.8193822665
24.1000000000 89.6583627083 -63.1453855759 0.0009449692 0.0000000000 0.0000000000 -0.5732643711 0.8193704662
24.2000000000 89.8297251920 -63.6151034673 0.0009520535 0.0000000000 0.0000000000 -0.5732803728 0.8193592705
24.3000000000 90.0010697779 -64.0848278902 0.0009591766 0.0000000000 0.0000000000 -0.5732955539 0.8193486486
24.4000000000 90.1723973836 -64.5545585075 0.0009663393 0.0000000000 0.0000000000 -0.5733099564 0.8193385710
24.5000000000 90.3437088821 -65.0242949974 0.0009735411 0.0000000000 0.0000000000 -0.5733236204 0.8193290098
24.6000000000 90.5150050971 -65.4940370584 0.0009807803 0.0000000000 0.0000000000 -0.5733365837 0.8193199386
24.7000000000 90.6862868172 -65.9637844083 0.0009880591 0.0000000000 0.0000000000 -0.5733488822 0.8193113323
24.8000000000 90.8575547830 -66.4335367738 0.0009953778 0.0000000000 0.0000000000 -0.5733605500 0.8193031671
24.9000000000 91.0288097032 -66.9032938935 0.0010027350 0.0000000000 0.0000000000 -0.5733716195 0.8192954204
25.0000000000 91.2000522459 -67.3730555257 0.0010101310 0.0000000000 0.0000000000 -0.5733821214 0.8192880707
25.1000000000 91.3712830476 -67.8428214371 0.0010175675 0.0000000000 0.0000000000 -0.5733920848 0.8192810977
25.2000000000 91.5425027102 -68.3125914082 0.0010250422 0.0000000000 0.0000000000 -0.5734015372 0.8192744821
25.3000000000 91.7137118065 -68.7823652326 0.0010325548 0.0000000000 0.0000000000 -0.5734105050 0.8192682056
25.4000000000 91.8849108789 -69.2521427097 0.0010401070 0.0000000000 0.0000000000 -0.5734190129 0.8192622508
25.5000000000 92.0561004439 -69.7219236489 0.0010476996 0.0000000000 0.0000000000 -0.5734270846 0.8192566012
25.6000000000 92.2272809880 -70.1917078768 0.0010553303 0.0000000000 0.0000000000 -0.5734347423 0.8192512412
25.7000000000 92.3984529758 -70.6614952230 0.0010629998 0.0000000000 0.0000000000 -0.5734420075 0.8192461560
25.8000000000 92.5696168461 -71.1312855267 0.0010707085 0.0000000000 0.0000000000 -0.5734489000 0.8192413314
25.9000000000 92.7407730174 -71.6010786345 0.0010784564 0.0000000000 0.0000000000 -0.5734554392 0.8192367541
26.0000000000 92.9119218845 -72.0708744042 0.0010862444 0.0000000000 0.0000000000 -0.5734616431 0.8192324114
26.1000000000 93.0830638228 -72.5406726975 0.0010940701 0.0000000000 0.0000000000 -0.5734675288 0.8192282914
26.2000000000 93.2541991892 -73.0104733862 0.0011019356 0.0000000000 0.0000000000 -0.5734731128 0.8192243825
26.3000000000 93.4253283219 -73.4802763421 0.0011098392 0.0000000000 0.0000000000 -0.5734784104 0.8192206740
26.4000000000 93.5964515406 -73.9500814541 0.0011177833 0.0000000000 0.0000000000 -0.5734834364 0.8192171557
26.5000000000 93.7675691511 -74.4198886101 0.0011257666 0.0000000000 0.0000000000 -0.5734882048 0.8192138176
26.6000000000 93.9386814407 -74.8896977040 0.0011337883 0.0000000000 0.0000000000 -0.5734927286 0.8192106507
26.7000000000 94.1097886831 -75.3595086364 0.0011418504 0.0000000000 0.0000000000 -0.5734970204 0.8192076462
26.8000000000 94.2808911390 -75.8293213090 0.0011499495 0.0000000000 0.0000000000 -0.5735010922 0.8192047956
26.9000000000 94.4519890541 -76.2991356380 0.0011580889 0.0000000000 0.0000000000 -0.5735049553 0.8192020912
27.0000000000 94.6230826631 -76.7689515348 0.0011662677 0.0000000000 0.0000000000 -0.5735086202 0.8191995255
27.1000000000 94.7941721876 -77.2387689193 0.0011744847 0.0000000000 0.0000000000 -0.5735120973 0.8191970912
27.2000000000 94.9652578378 -77.7085877130 0.0011827422 0.0000000000 0.0000000000 -0.5735153961 0.8191947818
27.3000000000 95.1363398130 -78.1784078477 0.0011910368 0.0000000000 0.0000000000 -0.5735185257 0.8191925907
27.4000000000 95.3074183042 -78.6482292481 0.0011993719 0.0000000000 0.0000000000 -0.5735214948 0.8191905120
27.5000000000 95.4784934896 -79.1180518515 0.0012077473 0.0000000000 0.0000000000 -0.5735243118 0.8191885398
27.6000000000 95.6495655405 -79.5878756008 0.0012161603 0.0000000000 0.0000000000 -0.5735269843 0.8191866688
27.7000000000 95.8206346189 -80.0577004289 0.0012246123 0.0000000000 0.0000000000 -0.5735295197 0.8191848936
27.8000000000 95.9917008772 -80.5275262865 0.0012331042 0.0000000000 0.0000000000 -0.5735319252 0.8191832095
27.9000000000 96.1627644622 -80.9973531138 0.0012416349 0.0000000000 0.0000000000 -0.5735342074 0.8191816117
28.0000000000 96.3339282208 -81.4674627367 0.0012502091 0.0000000000 0.0000000000 -0.5735357349 0.8191805423
28.1000000000 96.5075545748 -81.9443381261 0.0012589485 0.0000000000 0.0000000000 -0.5735357349 0.8191805423
28.2000000000 96.6846021603 -82.4306100698 0.0012679008 0.0000000000 0.0000000000 -0.5735357349 0.8191805423
28.3000000000 96.8650709776 -82.9262785623 0.0012770683 0.0000000000 0.0000000000 -0.5735357349 0.8191805423
28.4000000000 97.0489610294 -83.4313436083 0.0012864563 0.0000000000 0.0000000000 -0.5735357349 0.8191805423
28.5000000000 97.2362723166 -83.9458052005 0.0012960645 0.0000000000 0.0000000000 -0.5735357349 0.8191805423
28.6000000000 97.4270048412 -84.4696633433 0.0013058970 0.0000000000 0.0000000000 -0.5735357349 0.8191805423
28.7000000000 97.6211586029 -85.0029180328 0.0013159552 0.0000000000 0.0000000000 -0.5735357349 0.8191805423
28.8000000000 97.8187336050 -85.5455692729 0.0013262435 0.0000000000 0.0000000000 -0.5735357349 0.8191805423
28.9000000000 98.0197298482 -86.0976170623 0.0013367619 0.0000000000 0.0000000000 -0.5735357349 0.8191805423
29.0000000000 98.2241473346 -86.6590613975 0.0013475169 0.0000000000 0.0000000000 -0.5735357349 0.8191805423
29.1000000000 98.4319860639 -87.2299022784 0.0013585072 0.0000000000 0.0000000000 -0.5735357349 0.8191805423
29.2000000000 98.6432460401 -87.8101397044 0.0013697389 0.0000000000 0.0000000000 -0.5735357349 0.8191805423
29.3000000000 98.8579272639 -88.3997736773 0.0013812142 0.0000000000 0.0000000000 -0.5735357349 0.8191805423
29.4000000000 99.0760297355 -88.9988041943 0.0013929345 0.0000000000 0.0000000000 -0.5735357349 0.8191805423
29.5000000000 99.2975534583 -89.6072312559 0.0014049033 0.0000000000 0.0000000000 -0.5735357349 0.8191805423
29.6000000000 99.5224984332 -90.2250548629 0.0014171258 0.0000000000 0.0000000000 -0.5735357349 0.8191805423
29.7000000000 99.7508646610 -90.8522750090 0.0014296022 0.0000000000 0.0000000000 -0.5735357349 0.8191805423
29.8000000000 99.9826521453 -91.4888917018 0.0014423379 0.0000000000 0.0000000000 -0.5735357349 0.8191805423
29.9000000000 100.2178608871 -92.1349049340 0.0014553350 0.0000000000 0.0000000000 -0.5735357349 0.8191805423
30.0000000000 100.4564908875 -92.7903147092 0.0014685965 0.0000000000 0.0000000000 -0.5735357349 0.8191805423
30.1000000000 100.6985421492 -93.4551210228 0.0014821265 0.0000000000 0.0000000000 -0.5735357349 0.8191805423
30.2000000000 100.9440146723 -94.1293238763 0.0014959272 0.0000000000 0.0000000000 -0.5735357349 0.8191805423
30.3000000000 101.1929084602 -94.8129232704 0.0015100033 0.0000000000 0.0000000000 -0.5735357349 0.8191805423
30.4000000000 101.4452235149 -95.5059192016 0.0015243576 0.0000000000 0.0000000000 -0.5735357349 0.8191805423
30.5000000000 101.7009598379 -96.2083116709 0.0015389922 0.0000000000 0.0000000000 -0.5735357349 0.8191805423
30.6000000000 101.9601174301 -96.9201006798 0.0015539129 0.0000000000 0.0000000000 -0.5735357349 0.8191805423
30.7000000000 102.2226962942 -97.6412862219 0.0015691211 0.0000000000 0.0000000000 -0.5735357349 0.8191805423
30.8000000000 102.4886964326 -98.3718683018 0.0015846236 0.0000000000 0.0000000000 -0.5735357349 0.8191805423
30.9000000000 102.7581178468 -99.1118469173 0.0016004205 0.0000000000 0.0000000000 -0.5735357349 0.8191805423
31.0000000000 103.0309605389 -99.8612220651 0.0016165182 0.0000000000 0.0000000000 -0.5735357349 0.8191805423
31.1000000000 103.3072245117 -100.6199937474 0.0016329181 0.0000000000 0.0000000000 -0.5735357349 0.8191805423
31.2000000000 103.5869097647 -101.3881619632 0.0016496272 0.0000000000 0.0000000000 -0.5735357349 0.8191805423
31.3000000000 103.8700163034 -102.1657267099 0.0016666467 0.0000000000 0.0000000000 -0.5735357349 0.8191805423
31.4000000000 104.1565441277 -102.9526879883 0.0016839798 0.0000000000 0.0000000000 -0.5735357349 0.8191805423
31.5000000000 104.4464932407 -103.7490457988 0.0017016323 0.0000000000 0.0000000000 -0.5735357349 0.8191805423
31.6000000000 104.7398636442 -104.5548001361 0.0017196085 0.0000000000 0.0000000000 -0.5735357349 0.8191805423
31.7000000000 105.0366553391 -105.3699510032 0.0017379112 0.0000000000 0.0000000000 -0.5735357349 0.8191805423
31.8000000000 105.3368683302 -106.1944984007 0.0017565440 0.0000000000 0.0000000000 -0.5735357349 0.8191805423
31.9000000000 105.6405026177 -107.0284423232 0.0017755134 0.0000000000 0.0000000000 -0.5735357349 0.8191805423
32.0000000000 105.9475582040 -107.8717827730 0.0017948207 0.0000000000 0.0000000000 -0.5735357349 0.8191805423
32.1000000000 106.2580350935 -108.7245197488 0.0018144712 0.0000000000 0.0000000000 -0.5735357349 0.8191805423
32.2000000000 106.5719332850 -109.5866532483 0.0018344702 0.0000000000 0.0000000000 -0.5735357349 0.8191805423
32.3000000000 106.8892527840 -110.4581832735 0.0018548212 0.0000000000 0.0000000000 -0.5735357349 0.8191805423
32.4000000000 107.2099935916 -111.3391098205 0.0018755305 0.0000000000 0.0000000000 -0.5735357349 0.8191805423
32.5000000000 107.5341557100 -112.2294328885 0.0018965990 0.0000000000 0.0000000000 -0.5735357349 0.8191805423
32.6000000000 107.8617391409 -113.1291524814 0.0019180320 0.0000000000 0.0000000000 -0.5735357349 0.8191805423
32.7000000000 108.1927438891 -114.0382685912 0.0019398351 0.0000000000 0.0000000000 -0.5735357349 0.8191805423
32.8000000000 108.5271699545 -114.9567812209 0.0019620130 0.0000000000 0.0000000000 -0.5735357349 0.8191805423
32.9000000000 108.8650173411 -115.8846903723 0.0019845707 0.0000000000 0.0000000000 -0.5735357349 0.8191805423
33.0000000000 109.2061834138 -116.8217141421 0.0020075032 0.0000000000 0.0000000000 -0.5735357349 0.8191805423
33.1000000000 109.5483075187 -117.7613689170 0.0020306584 0.0000000000 0.0000000000 -0.5735357349 0.8191805423
33.2000000000 109.8904317076 -118.7010236593 0.0020539701 0.0000000000 0.0000000000 -0.5735357349 0.8191805423
33.3000000000 110.2325559818 -119.6406783721 0.0020774372 0.0000000000 0.0000000000 -0.5735357349 0.8191805423
33.4000000000 110.5746803409 -120.5803330533 0.0021010623 0.0000000000 0.0000000000 -0.5735357349 0.8191805423
33.5000000000 110.9168047845 -121.5199877021 0.0021248439 0.0000000000 0.0000000000 -0.5735357349 0.8191805423
33.6000000000 111.2589293131 -122.4596423215 0.0021487811 0.0000000000 0.0000000000 -0.5735357349 0.8191805423
33.7000000000 111.6010539268 -123.3992969089 0.0021728758 0.0000000000 0.0000000000 -0.5735357349 0.8191805423
33.8000000000 111.9431786250 -124.3389514680 0.0021971273 0.0000000000 0.0000000000 -0.5735357349 0.8191805423
33.9000000000 112.2853034067 -125.2786059940 0.0022215353 0.0000000000 0.0000000000 -0.5735357349 0.8191805423
34.0000000000 112.6274282749 -126.2182604905 0.0022461005 0.0000000000 0.0000000000 -0.5735357349 0.8191805423
34.1000000000 112.9695532275 -127.1579149558 0.0022708230 0.0000000000 0.0000000000 -0.5735357349 0.8191805423
34.2000000000 113.3116782647 -128.0975693879 0.0022957013 0.0000000000 0.0000000000 -0.5735357349 0.8191805423
34.3000000000 113.6538033863 -129.0372237922 0.0023207378 0.0000000000 0.0000000000 -0.5735357349 0.8191805423
34.4000000000 113.9959285935 -129.9768781647 0.0023459281 0.0000000000 0.0000000000 -0.5735357349 0.8191805423
34.5000000000 114.3380538845 -130.9165325051 0.0023712767 0.0000000000 0.0000000000 -0.5735357349 0.8191805423
34.6000000000 114.6801792611 -131.8561868172 0.0023967826 0.0000000000 0.0000000000 -0.5735357349 0.8191805423
34.7000000000 115.0223047217 -132.7958410975 0.0024224443 0.0000000000 0.0000000000 -0.5735357349 0.8191805423
34.8000000000 115.3644302677 -133.7354953470 0.0024482630 0.0000000000 0.0000000000 -0.5735357349 0.8191805423
34.9000000000 115.7065558988 -134.6751495640 0.0024742402 0.0000000000 0.0000000000 -0.5735357349 0.8191805423
35.0000000000 116.0486816146 -135.6148037495 0.0025003718 0.0000000000 0.0000000000 -0.5735357349 0.8191805423
35.1000000000 116.3908074141 -136.5544579082 0.0025266603 0.0000000000 0.0000000000 -0.5735357349 0.8191805423
35.2000000000 116.7329333000 -137.4941120301 0.0025531075 0.0000000000 0.0000000000 -0.5735357349 0.8191805423
35.3000000000 117.0750592697 -138.4337661256 0.0025797093 0.0000000000 0.0000000000 -0.5735357349 0.8191805423
35.4000000000 117.4171853235 -139.3734201887 0.0026064689 0.0000000000 0.0000000000 -0.5735357349 0.8191805423
35.5000000000 117.7593114633 -140.3130742240 0.0026333846 0.0000000000 0.0000000000 -0.5735357349 0.8191805423
35.6000000000 118.1014376877 -141.2527282257 0.0026604572 0.0000000000 0.0000000000 -0.5735357349 0.8191805423
35.7000000000 118.4435639968 -142.1923821932 0.0026876874 0.0000000000 0.0000000000 -0.5735357349 0.8191805423
35.8000000000 118.7856903905 -143.1320361356 0.0027150726 0.0000000000 0.0000000000 -0.5735357349 0.8191805423
35.9000000000 119.1278168693 -144.0716900433 0.0027426173 0.0000000000 0.0000000000 -0.5735357349 0.8191805423
36.0000000000 119.4699434320 -145.0113439231 0.0027703156 0.0000000000 0.0000000000 -0.5735357349 0.8191805423
36.1000000000 119.8120700804 -145.9509977694 0.0027981725 0.0000000000 0.0000000000 -0.5735357349 0.8191805423
36.2000000000 120.1541968131 -146.8906515868 0.0028261847 0.0000000000 0.0000000000 -0.5735357349 0.8191805423
36.3000000000 120.4963236304 -147.8303053725 0.0028543562 0.0000000000 0.0000000000 -0.5735357349 0.8191805423
36.4000000000 120.8384505332 -148.7699591268 0.0028826817 0.0000000000 0.0000000000 -0.5735357349 0.8191805423
36.5000000000 121.1805775208 -149.7096128512 0.0029111650 0.0000000000 0.0000000000 -0.5735357349 0.8191805423
36.6000000000 121.5227045918 -150.6492665452 0.0029398057 0.0000000000 0.0000000000 -0.5735357349 0.8191805423
36.7000000000 121.8648317488 -151.5889202064 0.0029686027 0.0000000000 0.0000000000 -0.5735357349 0.8191805423
36.8000000000 122.2069589912 -152.5285738369 0.0029975569 0.0000000000 0.0000000000 -0.5735357349 0.8191805423
36.9000000000 122.5490863160 -153.4682274368 0.0030266661 0.0000000000 0.0000000000 -0.5735357349 0.8191805423
37.0000000000 122.8912137280 -154.4078810072 0.0030559334 0.0000000000 0.0000000000 -0.5735357349 0.8191805423
37.1000000000 123.2333412235 -155.3475345472 0.0030853566 0.0000000000 0.0000000000 -0.5735357349 0.8191805423
37.2000000000 123.5754688041 -156.2871880541 0.0031149365 0.0000000000 0.0000000000 -0.5735357349 0.8191805423
37.3000000000 123.9175964710 -157.2268415309 0.0031446758 0.0000000000 0.0000000000 -0.5735357349 0.8191805423
37.4000000000 124.2597242199 -158.1664949776 0.0031745685 0.0000000000 0.0000000000 -0.5735357349 0.8191805423
37.5000000000 124.6018520550 -159.1061483931 0.0032046198 0.0000000000 0.0000000000 -0.5735357349 0.8191805423
37.6000000000 124.9439799750 -160.0458017767 0.0032348263 0.0000000000 0.0000000000 -0.5735357349 0.8191805423
37.7000000000 125.2861079802 -160.9854551298 0.0032651915 0.0000000000 0.0000000000 -0.5735357349 0.8191805423
37.8000000000 125.6282360695 -161.9251084520 0.0032957117 0.0000000000 0.0000000000 -0.5735357349 0.8191805423
37.9000000000 125.9703642434 -162.8647617454 0.0033263896 0.0000000000 0.0000000000 -0.5735357349 0.8191805423
38.0000000000 126.3124925024 -163.8044150053 0.0033572239 0.0000000000 0.0000000000 -0.5735357349 0.8191805423
38.1000000000 126.6546208459 -164.7440682369 0.0033882150 0.0000000000 0.0000000000 -0.5735357349 0.8191805423
38.2000000000 126.9967492739 -165.6837214361 0.0034193626 0.0000000000 0.0000000000 -0.5735357349 0.8191805423
38.3000000000 127.3388777875 -166.6233746026 0.0034506668 0.0000000000 0.0000000000 -0.5735357349 0.8191805423
38.4000000000 127.6810063852 -167.5630277404 0.0034821278 0.0000000000 0.0000000000 -0.5735357349 0.8191805423
38.5000000000 128.0231350686 -168.5026808449 0.0035137464 0.0000000000 0.0000000000 -0.5735357349 0.8191805423
38.6000000000 128.3652638356 -169.4423339209 0.0035455208 0.0000000000 0.0000000000 -0.5735357349 0.8191805423
38.7000000000 128.7073926889 -170.3819869664 0.0035774531 0.0000000000 0.0000000000 -0.5735357349 0.8191805423
38.8000000000 129.0495216260 -171.3216399810 0.0036095407 0.0000000000 0.0000000000 -0.5735357349 0.8191805423
38.9000000000 129.3916506484 -172.2612929626 0.0036417864 0.0000000000 0.0000000000 -0.5735357349 0.8191805423
39.0000000000 129.7337797546 -173.2009459170 0.0036741874 0.0000000000 0.0000000000 -0.5735357349 0.8191805423
39.1000000000 130.0759089464 -174.1405988376 0.0037067458 0.0000000000 0.0000000000 -0.5735357349 0.8191805423
39.2000000000 130.4180382227 -175.0802517260 0.0037394606 0.0000000000 0.0000000000 -0.5735357349 0.8191805423
39.3000000000 130.7601675828 -176.0199045865 0.0037723329 0.0000000000 0.0000000000 -0.5735357349 0.8191805423
39.4000000000 131.1022970294 -176.9595574153 0.0038053622 0.0000000000 0.0000000000 -0.5735357349 0.8191805423
39.5000000000 131.4444265608 -177.8992102123 0.0038385468 0.0000000000 0.0000000000 -0.5735357349 0.8191805423
39.6000000000 131.7865561757 -178.8388629798 0.0038718891 0.0000000000 0.0000000000 -0.5735357349 0.8191805423
39.7000000000 132.1286858765 -179.7785157161 0.0039053891 0.0000000000 0.0000000000 -0.5735357349 0.8191805423
39.8000000000 132.4708156616 -180.7181684210 0.0039390438 0.0000000000 0.0000000000 -0.5735357349 0.8191805423
39.9000000000 132.8129455316 -181.6578210942 0.0039728564 0.0000000000 0.0000000000 -0.5735357349 0.8191805423
40.0000000000 133.1550754860 -182.5974737388 0.0040068256 0.0000000000 0.0000000000 -0.5735357349 0.8191805423
40.1000000000 133.4972055252 -183.5371263507 0.0040409508 0.0000000000 0.0000000000 -0.5735357349 0.8191805423
40.2000000000 133.8393356493 -184.4767789313 0.0040752341 0.0000000000 0.0000000000 -0.5735357349 0.8191805423
40.3000000000 134.1814658584 -185.4164314825 0.0041096731 0.0000000000 0.0000000000 -0.5735357349 0.8191805423
40.4000000000 134.5235961517 -186.3560840023 0.0041442681 0.0000000000 0.0000000000 -0.5735357349 0.8191805423
40.5000000000 134.8657265298 -187.2957364921 0.0041790211 0.0000000000 0.0000000000 -0.5735357349 0.8191805423
40.6000000000 135.2078569940 -188.2353889506 0.0042139314 0.0000000000 0.0000000000 -0.5735357349 0.8191805423
40.7000000000 135.5499875421 -189.1750413774 0.0042489965 0.0000000000 0.0000000000 -0.5735357349 0.8191805423
40.8000000000 135.8921181750 -190.1146937737 0.0042842204 0.0000000000 0.0000000000 -0.5735357349 0.8191805423
40.9000000000 136.2342488926 -191.0543461394 0.0043195993 0.0000000000 0.0000000000 -0.5735357349 0.8191805423
41.0000000000 136.5763796948 -191.9939984752 0.0043551350 0.0000000000 0.0000000000 -0.5735357349 0.8191805423
41.1000000000 136.9185105824 -192.9336507777 0.0043908297 0.0000000000 0.0000000000 -0.5735357349 0.8191805423
41.2000000000 137.2606415542 -193.8733030500 0.0044266775 0.0000000000 0.0000000000 -0.5735357349 0.8191805423
41.3000000000 137.6027726111 -194.8129552927 0.0044626858 0.0000000000 0.0000000000 -0.5735357349 0.8191805423
41.4000000000 137.9449037524 -195.7526075040 0.0044988487 0.0000000000 0.0000000000 -0.5735357349 0.8191805423
41.5000000000 138.2870349785 -196.6922596825 0.0045351676 0.0000000000 0.0000000000 -0.5735357349 0.8191805423
41.6000000000 138.6291662899 -197.6319118330 0.0045716454 0.0000000000 0.0000000000 -0.5735357349 0.8191805423
41.7000000000 138.9712976862 -198.5715639512 0.0046082794 0.0000000000 0.0000000000 -0.5735357349 0.8191805423
41.8000000000 139.3134291665 -199.5112160375 0.0046450693 0.0000000000 0.0000000000 -0.5735357349 0.8191805423
41.9000000000 139.6555607322 -200.4508680948 0.0046820160 0.0000000000 0.0000000000 -0.5735357349 0.8191805423
42.0000000000 139.9976923821 -201.3905201192 0.0047191191 0.0000000000 0.0000000000 -0.5735357349 0.8191805423
42.1000000000 140.3398241177 -202.3301721153 0.0047563806 0.0000000000 0.0000000000 -0.5735357349 0.8191805423
42.2000000000 140.6819559375 -203.2698240788 0.0047937973 0.0000000000 0.0000000000 -0.5735357349 0.8191805423
42.3000000000 141.0240878412 -204.2094760132 0.0048313705 0.0000000000 0.0000000000 -0.5735357349 0.8191805423
42.4000000000 141.3662198312 -205.1491279142 0.0048691023 0.0000000000 0.0000000000 -0.5735357349 0.8191805423
42.5000000000 141.7083519057 -206.0887797885 0.0049069879 0.0000000000 0.0000000000 -0.5735357349 0.8191805423
42.6000000000 142.0504840643 -207.0284316278 0.0049450322 0.0000000000 0.0000000000 -0.5735357349 0.8191805423
42.7000000000 142.3926163080 -207.9680834367 0.0049832340 0.0000000000 0.0000000000 -0.5735357349 0.8191805423
42.8000000000 142.7347486371 -208.9077352162 0.0050215911 0.0000000000 0.0000000000 -0.5735357349 0.8191805423
42.9000000000 143.0768810503 -209.8473869633 0.0050601050 0.0000000000 0.0000000000 -0.5735357349 0.8191805423
43.0000000000 143.4190135477 -210.7870386801 0.0050987768 0.0000000000 0.0000000000 -0.5735357349 0.8191805423
43.1000000000 143.7611461311 -211.7266903675 0.0051376049 0.0000000000 0.0000000000 -0.5735357349 0.8191805423
43.2000000000 144.1032787988 -212.6663420225 0.0051765883 0.0000000000 0.0000000000 -0.5735357349 0.8191805423
43.3000000000 144.4454115507 -213.6059936472 0.0052157297 0.0000000000 0.0000000000 -0.5735357349 0.8191805423
43.4000000000 144.7875443885 -214.5456452394 0.0052550279 0.0000000000 0.0000000000 -0.5735357349 0.8191805423
43.5000000000 145.1296773108 -215.4852968039 0.0052944820 0.0000000000 0.0000000000 -0.5735357349 0.8191805423
43.6000000000 145.4718103172 -216.4249483351 0.0053340946 0.0000000000 0.0000000000 -0.5735357349 0.8191805423
43.7000000000 145.8139434084 -217.3645998344 0.0053738625 0.0000000000 0.0000000000 -0.5735357349 0.8191805423
43.8000000000 146.1560765850 -218.3042513067 0.0054137875 0.0000000000 0.0000000000 -0.5735357349 0.8191805423
43.9000000000 146.4982098458 -219.2439027459 0.0054538685 0.0000000000 0.0000000000 -0.5735357349 0.8191805423
44.0000000000 146.8403431919 -220.1835541521 0.0054941076 0.0000000000 0.0000000000 -0.5735357349 0.8191805423
44.1000000000 147.1824766228 -221.1232055310 0.0055345027 0.0000000000 0.0000000000 -0.5735357349 0.8191805423
44.2000000000 147.5246101374 -222.0628568764 0.0055750539 0.0000000000 0.0000000000 -0.5735357349 0.8191805423
44.3000000000 147.8667437382 -223.0025081926 0.0056157626 0.0000000000 0.0000000000 -0.5735357349 0.8191805423
44.4000000000 148.2088774238 -223.9421594764 0.0056566276 0.0000000000 0.0000000000 -0.5735357349 0.8191805423
44.5000000000 148.5510111938 -224.8818107324 0.0056976498 0.0000000000 0.0000000000 -0.5735357349 0.8191805423
44.6000000000 148.8931450471 -225.8214619553 0.0057388285 0.0000000000 0.0000000000 -0.5735357349 0.8191805423
44.7000000000 149.2352789877 -226.7611131453 0.0057801629 0.0000000000 0.0000000000 -0.5735357349 0.8191805423
44.8000000000 149.5774130118 -227.7007643067 0.0058216557 0.0000000000 0.0000000000 -0.5735357349 0.8191805423
44.9000000000 149.9195471209 -228.6404154390 0.0058633043 0.0000000000 0.0000000000 -0.5735357349 0.8191805423
45.0000000000 150.2616813147 -229.5800665390 0.0059051105 0.0000000000 0.0000000000 -0.5735357349 0.8191805423
45.1000000000 150.6038155938 -230.5197176069 0.0059470729 0.0000000000 0.0000000000 -0.5735357349 0.8191805423
45.2000000000 150.9459499562 -231.4593686442 0.0059891924 0.0000000000 0.0000000000 -0.5735357349 0.8191805423
45.3000000000 151.2880844042 -232.3990196519 0.0060314695 0.0000000000 0.0000000000 -0.5735357349 0.8191805423
45.4000000000 151.6302189375 -233.3386706270 0.0060738999 0.0000000000 0.0000000000 -0.5735357349 0.8191805423
45.5000000000 151.9723535551 -234.2783215734 0.0061164894 0.0000000000 0.0000000000 -0.5735357349 0.8191805423
45.6000000000 152.3144882573 -235.2179724878 0.0061592355 0.0000000000 0.0000000000 -0.5735357349 0.8191805423
45.7000000000 152.6566230444 -236.1576233714 0.0062021388 0.0000000000 0.0000000000 -0.5735357349 0.8191805423
45.8000000000 152.9987579161 -237.0972742219 0.0062451980 0.0000000000 0.0000000000 -0.5735357349 0.8191805423
45.9000000000 153.3408928738 -238.0369250441 0.0062884144 0.0000000000 0.0000000000 -0.5735357349 0.8191805423
46.0000000000 153.6830279147 -238.9765758344 0.0063317869 0.0000000000 0.0000000000 -0.5735357349 0.8191805423
46.1000000000 154.0251630414 -239.9162265956 0.0063753174 0.0000000000 0.0000000000 -0.5735357349 0.8191805423
46.2000000000 154.3672982530 -240.8558773244 0.0064190040 0.0000000000 0.0000000000 -0.5735357349 0.8191805423
46.3000000000 154.7094335486 -241.7955280213 0.0064628465 0.0000000000 0.0000000000 -0.5735357349 0.8191805423
46.4000000000 155.0515689295 -242.7351786870 0.0065068468 0.0000000000 0.0000000000 -0.5735357349 0.8191805423
46.5000000000 155.3937043943 -243.6748293270 0.0065510036 0.0000000000 0.0000000000 -0.5735357349 0.8191805423
46.6000000000 155.7358399444 -244.6144799304 0.0065953173 0.0000000000 0.0000000000 -0.5735357349 0.8191805423
46.7000000000 156.0779755800 -245.5541305062 0.0066397849 0.0000000000 0.0000000000 -0.5735357349 0.8191805423
46.8000000000 156.4201113001 -246.4937810481 0.0066844142 0.0000000000 0.0000000000 -0.5735357349 0.8191805423
46.9000000000 156.7622471051 -247.4334315631 0.0067291972 0.0000000000 0.0000000000 -0.5735357349 0.8191805423
47.0000000000 157.1043829945 -248.3730820428 0.0067741384 0.0000000000 0.0000000000 -0.5735357349 0.8191805423
47.1000000000 157.4465189682 -249.3127324940 0.0068192351 0.0000000000 0.0000000000 -0.5735357349 0.8191805423
47.2000000000 157.7886550272 -250.2523829161 0.0068644886 0.0000000000 0.0000000000 -0.5735357349 0.8191805423
47.3000000000 158.1307911707 -251.1920333041 0.0069098987 0.0000000000 0.0000000000 -0.5735357349 0.8191805423
47.4000000000 158.4729273994 -252.1316836639 0.0069554664 0.0000000000 0.0000000000 -0.5735357349 0.8191805423
47.5000000000 158.8150637128 -253.0713339909 0.0070011902 0.0000000000 0.0000000000 -0.5735357349 0.8191805423
47.6000000000 159.1572001106 -254.0109842876 0.0070470705 0.0000000000 0.0000000000 -0.5735357349 0.8191805423
47.7000000000 159.4993365945 -254.9506345539 0.0070931089 0.0000000000 0.0000000000 -0.5735357349 0.8191805423
47.8000000000 159.8414731616 -255.8902847892 0.0071393018 0.0000000000 0.0000000000 -0.5735357349 0.8191805423
47.9000000000 160.1836098140 -256.8299349941 0.0071856544 0.0000000000 0.0000000000 -0.5735357349 0.8191805423
48.0000000000 160.5257465507 -257.7695851645 0.0072321622 0.0000000000 0.0000000000 -0.5735357349 0.8191805423
48.1000000000 160.8678833732 -258.7092353094 0.0072788252 0.0000000000 0.0000000000 -0.5735357349 0.8191805423
48.2000000000 161.2100202794 -259.6488854197 0.0073256461 0.0000000000 0.0000000000 -0.5735357349 0.8191805423
48.3000000000 161.5521572712 -260.5885355001 0.0073726245 0.0000000000 0.0000000000 -0.5735357349 0.8191805423
48.4000000000 161.8942943486 -261.5281855509 0.0074197594 0.0000000000 0.0000000000 -0.5735357349 0.8191805423
48.5000000000 162.2364315088 -262.4678355687 0.0074670500 0.0000000000 0.0000000000 -0.5735357349 0.8191805423
48.6000000000 162.5785687552 -263.4074855553 0.0075144980 0.0000000000 0.0000000000 -0.5735357349 0.8191805423
48.7000000000 162.9207060856 -264.3471355133 0.0075621028 0.0000000000 0.0000000000 -0.5735357349 0.8191805423
48.8000000000 163.2628435012 -265.2867854392 0.0076098651 0.0000000000 0.0000000000 -0.5735357349 0.8191805423
48.9000000000 163.6049810016 -266.2264353353 0.0076577829 0.0000000000 0.0000000000 -0.5735357349 0.8191805423
49.0000000000 163.9471185864 -267.1660851982 0.0077058579 0.0000000000 0.0000000000 -0.5735357349 0.8191805423
49.1000000000 164.2892562564 -268.1057350316 0.0077540896 0.0000000000 0.0000000000 -0.5735357349 0.8191805423
49.2000000000 164.6313940111 -269.0453848355 0.0078024783 0.0000000000 0.0000000000 -0.5735357349 0.8191805423
49.3000000000 164.9735318511 -269.9850346071 0.0078510230 0.0000000000 0.0000000000 -0.5735357349 0.8191805423
49.4000000000 165.3156697750 -270.9246843471 0.0078997250 0.0000000000 0.0000000000 -0.5735357349 0.8191805423
49.5000000000 165.6578077833 -271.8643340585 0.0079485836 0.0000000000 0.0000000000 -0.5735357349 0.8191805423
49.6000000000 165.9999458771 -272.8039837383 0.0079975985 0.0000000000 0.0000000000 -0.5735357349 0.8191805423
49.7000000000 166.3420840561 -273.7436333844 0.0080467711 0.0000000000 0.0000000000 -0.5735357349 0.8191805423
49.8000000000 166.6841834115 -274.6831907461 0.0080960942 0.0000000000 0.0000000000 -0.5735971718 0.8191375248
49.9000000000 167.0227697564 -275.6172145696 0.0081452442 0.0000000000 0.0000000000 -0.5751320455 0.8180605908
50.0000000000 167.3523975325 -276.5438277464 0.0081939909 0.0000000000 0.0000000000 -0.5787055450 0.8155365671
50.1000000000 167.6685677033 -277.4645472424 0.0082422785 0.0000000000 0.0000000000 -0.5842986383 0.8115387244
50.2000000000 167.9668726324 -278.3806914334 0.0082900416 0.0000000000 0.0000000000 -0.5918810254 0.8060253419
50.3000000000 168.2429802548 -279.2933169754 0.0083372096 0.0000000000 0.0000000000 -0.6014106196 0.7989400895
50.4000000000 168.4926246221 -280.2031577671 0.0083836969 0.0000000000 0.0000000000 -0.6128328510 0.7902125643
50.5000000000 168.7116042573 -281.1105658725 0.0084294002 0.0000000000 0.0000000000 -0.6260798004 0.7797589907
50.6000000000 168.8957896400 -282.0154546403 0.0084742038 0.0000000000 0.0000000000 -0.6410691771 0.7674831009
50.7000000000 169.0411423525 -282.9172443069 0.0085179697 0.0000000000 0.0000000000 -0.6576888806 0.7532896762
50.8000000000 169.1443216921 -283.8147518478 0.0085605530 0.0000000000 0.0000000000 -0.6750712076 0.7377525769
50.9000000000 169.2048575632 -284.7061193417 0.0086018568 0.0000000000 0.0000000000 -0.6919667297 0.7219293906
51.0000000000 169.2244527839 -285.5893289125 0.0086418279 0.0000000000 0.0000000000 -0.7079206351 0.7062919895
51.1000000000 169.2055815864 -286.4625591013 0.0086804493 0.0000000000 0.0000000000 -0.7228261968 0.6910298758
51.2000000000 169.1509301419 -287.3242688223 0.0087177179 0.0000000000 0.0000000000 -0.7366981077 0.6762217817
51.3000000000 169.0631841844 -288.1731935383 0.0087536466 0.0000000000 0.0000000000 -0.7495909422 0.6619013668
51.4000000000 168.9449469997 -289.0083182501 0.0087882526 0.0000000000 0.0000000000 -0.7615700208 0.6480826363
51.5000000000 168.7987073141 -289.8288466210 0.0088215656 0.0000000000 0.0000000000 -0.7727011437 0.6347699918
51.6000000000 168.6268270902 -290.6341716832 0.0088536125 0.0000000000 0.0000000000 -0.7830471093 0.6219623981
51.7000000000 168.4315378455 -291.4238493351 0.0088844310 0.0000000000 0.0000000000 -0.7926666689 0.6096552731
51.8000000000 168.2149410496 -292.1975747651 0.0089140586 0.0000000000 0.0000000000 -0.8016143515 0.5978414769
51.9000000000 167.9790107246 -292.9551616200 0.0089425368 0.0000000000 0.0000000000 -0.8099405939 0.5865119217
52.0000000000 167.7255973599 -293.6965236645 0.0089699045 0.0000000000 0.0000000000 -0.8176919730 0.5756560061
52.1000000000 167.4564326677 -294.4216587106 0.0089962051 0.0000000000 0.0000000000 -0.8249114641 0.5652619537
52.2000000000 167.1731348589 -295.1306345403 0.0090214806 0.0000000000 0.0000000000 -0.8316387004 0.5553170913
52.3000000000 166.8772142373 -295.8235766708 0.0090457731 0.0000000000 0.0000000000 -0.8379102217 0.5458080802
52.4000000000 166.5700789377 -296.5006577154 0.0090691241 0.0000000000 0.0000000000 -0.8437597100 0.5367211118
52.5000000000 166.2530407088 -297.1620881757 0.0090915722 0.0000000000 0.0000000000 -0.8492182108 0.5280420726
52.6000000000 165.9273206322 -297.8081084928 0.0091131611 0.0000000000 0.0000000000 -0.8543143392 0.5197566833
52.7000000000 165.5940547092 -298.4389822472 0.0091339260 0.0000000000 0.0000000000 -0.8590744719 0.5118506147
52.8000000000 165.2542992912 -299.0549902985 0.0091539066 0.0000000000 0.0000000000 -0.8635229252 0.5043095852
52.9000000000 164.9090362752 -299.6564258257 0.0091731362 0.0000000000 0.0000000000 -0.8676821200 0.4971194410
53.0000000000 164.5591780837 -300.2435900912 0.0091916515 0.0000000000 0.0000000000 -0.8715727342 0.4902662226
53.1000000000 164.2055723885 -300.8167888777 0.0092094862 0.0000000000 0.0000000000 -0.8752138432 0.4837362181
53.2000000000 163.8490065786 -301.3763295150 0.0092266705 0.0000000000 0.0000000000 -0.8786230496 0.4775160067
53.3000000000 163.4902119666 -301.9225183685 0.0092432346 0.0000000000 0.0000000000 -0.8818166026 0.4715924928
53.4000000000 163.1298677549 -302.4556587819 0.0092592076 0.0000000000 0.0000000000 -0.8848095077 0.4659529323
53.5000000000 162.7686047297 -302.9760493974 0.0092746169 0.0000000000 0.0000000000 -0.8876156272 0.4605849524
53.6000000000 162.4070087357 -303.4839827894 0.0092894892 0.0000000000 0.0000000000 -0.8902477733 0.4554765660
53.7000000000 162.0456239001 -303.9797443646 0.0093038479 0.0000000000 0.0000000000 -0.8927177929 0.4506161806
53.8000000000 161.6849556492 -304.4636115257 0.0093177164 0.0000000000 0.0000000000 -0.8950366455 0.4459926045
53.9000000000 161.3254735091 -304.9358530175 0.0093311167 0.0000000000 0.0000000000 -0.8972144747 0.4415950480
54.0000000000 160.9676137070 -305.3967284522 0.0093440711 0.0000000000 0.0000000000 -0.8992606738 0.4374131234
54.1000000000 160.6117815890 -305.8464879703 0.0093565963 0.0000000000 0.0000000000 -0.9011839460 0.4334368414
54.2000000000 160.2583538638 -306.2853720608 0.0093687116 0.0000000000 0.0000000000 -0.9029923592 0.4296566061
54.3000000000 159.9076806753 -306.7136114326 0.0093804348 0.0000000000 0.0000000000 -0.9046933968 0.4260632088
54.4000000000 159.5600875406 -307.1314270244 0.0093917819 0.0000000000 0.0000000000 -0.9062940034 0.4226478197
54.5000000000 159.2158771161 -307.5390300486 0.0094027692 0.0000000000 0.0000000000 -0.9078006277 0.4194019793
54.6000000000 158.8753308681 -307.9366221193 0.0094134099 0.0000000000 0.0000000000 -0.9092192614 0.4163175888
54.7000000000 158.5387105858 -308.3243954155 0.0094237156 0.0000000000 0.0000000000 -0.9105554740 0.4133868995
54.8000000000 158.2061935758 -308.7026078053 0.0094337053 0.0000000000 0.0000000000 -0.9118144465 0.4106025025
54.9000000000 157.8738143866 -309.0761360885 0.0094435086 0.0000000000 0.0000000000 -0.9130010006 0.4079573176
55.0000000000 157.5393251482 -309.4477761309 0.0094532098 0.0000000000 0.0000000000 -0.9141196262 0.4054445820
55.1000000000 157.2028439592 -309.8176137255 0.0094628113 0.0000000000 0.0000000000 -0.9151745070 0.4030578393
55.2000000000 156.8644819281 -310.1857314066 0.0094723225 0.0000000000 0.0000000000 -0.9161695432 0.4007909282
55.3000000000 156.5243436145 -310.5522085152 0.0094817506 0.0000000000 0.0000000000 -0.9171083730 0.3986379713
55.4000000000 156.1825274439 -310.9171212357 0.0094911003 0.0000000000 0.0000000000 -0.9179943919 0.3965933640
55.5000000000 155.8391260926 -311.2805426748 0.0095003773 0.0000000000 0.0000000000 -0.9188307708 0.3946517637
55.6000000000 155.4942268501 -311.6425429214 0.0095095884 0.0000000000 0.0000000000 -0.9196204723 0.3928080791
55.7000000000 155.1479119519 -312.0031891349 0.0095187351 0.0000000000 0.0000000000 -0.9203662657 0.3910574598
55.8000000000 154.8002588911 -312.3625456159 0.0095278280 0.0000000000 0.0000000000 -0.9210707416 0.3893952863
55.9000000000 154.4513407225 -312.7206739003 0.0095368685 0.0000000000 0.0000000000 -0.9217363239 0.3878171596
56.0000000000 154.1012263179 -313.0776328381 0.0095458608 0.0000000000 0.0000000000 -0.9223652821 0.3863188922
56.1000000000 153.7499806320 -313.4334786938 0.0095548126 0.0000000000 0.0000000000 -0.9229597421 0.3848964983
56.2000000000 153.3976649392 -313.7882652139 0.0095637241 0.0000000000 0.0000000000 -0.9235216964 0.3835461853
56.3000000000 153.0443370537 -314.1420437415 0.0095726018 0.0000000000 0.0000000000 -0.9240530129 0.3822643448
56.4000000000 152.6900515365 -314.4948632817 0.0095814469 0.0000000000 0.0000000000 -0.9245554441 0.3810475441
56.5000000000 152.3348598932 -314.8467706105 0.0095902665 0.0000000000 0.0000000000 -0.9250306342 0.3798925186
56.6000000000 151.9788107555 -315.1978103464 0.0095990610 0.0000000000 0.0000000000 -0.9254801274 0.3787961638
56.7000000000 151.6219500453 -315.5480250352 0.0096078349 0.0000000000 0.0000000000 -0.9259053738 0.3777555277
56.8000000000 151.2643211389 -315.8974552468 0.0096165893 0.0000000000 0.0000000000 -0.9263077360 0.3767678040
56.9000000000 150.9059650203 -316.2461396411 0.0096253317 0.0000000000 0.0000000000 -0.9266884950 0.3758303250
57.0000000000 150.5469204112 -316.5941150589 0.0096340600 0.0000000000 0.0000000000 -0.9270488553 0.3749405551
57.1000000000 150.1872239065 -316.9414165938 0.0096427798 0.0000000000 0.0000000000 -0.9273899501 0.3740960844
57.2000000000 149.8269101005 -317.2880776687 0.0096514910 0.0000000000 0.0000000000 -0.9277128458 0.3732946232
57.3000000000 149.4660116987 -317.6341301027 0.0096601992 0.0000000000 0.0000000000 -0.9280185463 0.3725339954
57.4000000000 149.1045596219 -317.9796041936 0.0096689028 0.0000000000 0.0000000000 -0.9283079969 0.3718121338
57.5000000000 148.7425831164 -318.3245287711 0.0096776072 0.0000000000 0.0000000000 -0.9285820883 0.3711270744
57.6000000000 148.3801098425 -318.6689312758 0.0096863129 0.0000000000 0.0000000000 -0.9288416596 0.3704769513
57.7000000000 148.0171659658 -319.0128378127 0.0096950222 0.0000000000 0.0000000000 -0.9290875018 0.3698599924
57.8000000000 147.6537762427 -319.3562732173 0.0097037378 0.0000000000 0.0000000000 -0.9293203608 0.3692745143
57.9000000000 147.2899640987 -319.6992611089 0.0097124587 0.0000000000 0.0000000000 -0.9295409401 0.3687189184
58.0000000000 146.9257516996 -320.0418239535 0.0097211884 0.0000000000 0.0000000000 -0.9297499031 0.3681916861
58.1000000000 146.5611600288 -320.3839831114 0.0097299301 0.0000000000 0.0000000000 -0.9299478761 0.3676913758
58.2000000000 146.1962089437 -320.7257588918 0.0097386825 0.0000000000 0.0000000000 -0.9301354500 0.3672166181
58.3000000000 145.8309172456 -321.0671706054 0.0097474471 0.0000000000 0.0000000000 -0.9303131830 0.3667661128
58.4000000000 145.4653027348 -321.4082365963 0.0097562285 0.0000000000 0.0000000000 -0.9304816018 0.3663386256
58.5000000000 145.0993822639 -321.7489743182 0.0097650219 0.0000000000 0.0000000000 -0.9306412042 0.3659329843
58.6000000000 144.7331717935 -322.0894003410 0.0097738363 0.0000000000 0.0000000000 -0.9307924603 0.3655480760
58.7000000000 144.3666864389 -322.4295304227 0.0097826663 0.0000000000 0.0000000000 -0.9309358142 0.3651828443
58.8000000000 143.9999405133 -322.7693795287 0.0097915162 0.0000000000 0.0000000000 -0.9310716859 0.3648362862
58.9000000000 143.6329475773 -323.1089618807 0.0098003865 0.0000000000 0.0000000000 -0.9312004721 0.3645074494
59.0000000000 143.2657204744 -323.4482909937 0.0098092770 0.0000000000 0.0000000000 -0.9313225481 0.3641954302
59.1000000000 142.8982713721 -323.7873796990 0.0098181915 0.0000000000 0.0000000000 -0.9314382686 0.3638993705
59.2000000000 142.5306118007 -324.1262401870 0.0098271268 0.0000000000 0.0000000000 -0.9315479690 0.3636184559
59.3000000000 142.1627526793 -324.4648840459 0.0098360868 0.0000000000 0.0000000000 -0.9316519668 0.3633519132
59.4000000000 141.7947043607 -324.8033222650 0.0098450722 0.0000000000 0.0000000000 -0.9317505620 0.3630990088
59.5000000000 141.4264766502 -325.1415652936 0.0098540821 0.0000000000 0.0000000000 -0.9318440388 0.3628590461
59.6000000000 141.0580788414 -325.4796230553 0.0098631180 0.0000000000 0.0000000000 -0.9319326659 0.3626313642
59.7000000000 140.6895197429 -325.8175049686 0.0098721818 0.0000000000 0.0000000000 -0.9320166976 0.3624153355
59.8000000000 140.3208077005 -326.1552199764 0.0098812710 0.0000000000 0.0000000000 -0.9320963747 0.3622103647
59.9000000000 139.9519506286 -326.4927765734 0.0098903886 0.0000000000 0.0000000000 -0.9321719251 0.3620158866
60.0000000000 139.5829560244 -326.8301828285 0.0098995357 0.0000000000 0.0000000000 -0.9322435644 0.3618313648
60.1000000000 139.2138309975 -327.1674463913 0.0099087105 0.0000000000 0.0000000000 -0.9323114971 0.3616562905
60.2000000000 138.8445822868 -327.5045745367 0.0099179162 0.0000000000 0.0000000000 -0.9323759164 0.3614901805
60.3000000000 138.4752162785 -327.8415741645 0.0099271518 0.0000000000 0.0000000000 -0.9324370055 0.3613325763
60.4000000000 138.1057390286 -328.1784518312 0.0099364167 0.0000000000 0.0000000000 -0.9324949380 0.3611830431
60.5000000000 137.7361562799 -328.5152137487 0.0099457149 0.0000000000 0.0000000000 -0.9325498781 0.3610411678
60.6000000000 137.3664734740 -328.8518658278 0.0099550426 0.0000000000 0.0000000000 -0.9326019814 0.3609065588
60.7000000000 136.9966957719 -329.1884136688 0.0099644038 0.0000000000 0.0000000000 -0.9326513955 0.3607788443
60.8000000000 136.6268280666 -329.5248625964 0.0099737949 0.0000000000 0.0000000000 -0.9326982599 0.3606576715
60.9000000000 136.2568749981 -329.8612176539 0.0099832217 0.0000000000 0.0000000000 -0.9327427070 0.3605427057
61.0000000000 135.8868409659 -330.1974836406 0.0099926788 0.0000000000 0.0000000000 -0.9327848621 0.3604336291
61.1000000000 135.5167301390 -330.5336651036 0.0100021697 0.0000000000 0.0000000000 -0.9328248442 0.3603301403
61.2000000000 135.1465464761 -330.8697663613 0.0100116942 0.0000000000 0.0000000000 -0.9328627658 0.3602319533
61.3000000000 134.7762937264 -331.2057915098 0.0100212534 0.0000000000 0.0000000000 -0.9328987336 0.3601387968
61.4000000000 134.4059754476 -331.5417444404 0.0100308469 0.0000000000 0.0000000000 -0.9329328487 0.3600504130
61.5000000000 134.0355950138 -331.8776288437 0.0100404738 0.0000000000 0.0000000000 -0.9329652069 0.3599665577
61.6000000000 133.6651556214 -332.2134482263 0.0100501358 0.0000000000 0.0000000000 -0.9329958992 0.3598869991
61.7000000000 133.2946603082 -332.5492059101 0.0100598328 0.0000000000 0.0000000000 -0.9330250116 0.3598115170
61.8000000000 132.9241119458 -332.8849050504 0.0100695642 0.0000000000 0.0000000000 -0.9330526258 0.3597399027
61.9000000000 132.5535132695 -333.2205486408 0.0100793312 0.0000000000 0.0000000000 -0.9330788190 0.3596719581
62.0000000000 132.1828668628 -333.5561395237 0.0100891336 0.0000000000 0.0000000000 -0.9331036648 0.3596074953
62.1000000000 131.8121751824 -333.8916803975 0.0100989733 0.0000000000 0.0000000000 -0.9331272326 0.3595463360
62.2000000000 131.4414405543 -334.2271738208 0.0101088470 0.0000000000 0.0000000000 -0.9331495884 0.3594883108
62.3000000000 131.0706651894 -334.5626222184 0.0101187566 0.0000000000 0.0000000000 -0.9331707947 0.3594332594
62.4000000000 130.6998511792 -334.8980278965 0.0101287031 0.0000000000 0.0000000000 -0.9331909107 0.3593810293
62.5000000000 130.3290005112 -335.2333930461 0.0101386864 0.0000000000 0.0000000000 -0.9332099926 0.3593314760
62.6000000000 129.9581150714 -335.5687197381 0.0101487066 0.0000000000 0.0000000000 -0.9332280938 0.3592844624
62.7000000000 129.5871966427 -335.9040099416 0.0101587628 0.0000000000 0.0000000000 -0.9332452648 0.3592398583
62.8000000000 129.2162469242 -336.2392655228 0.0101688533 0.0000000000 0.0000000000 -0.9332615534 0.3591975404
62.9000000000 128.8452675217 -336.5744882609 0.0101789852 0.0000000000 0.0000000000 -0.9332770051 0.3591573914
63.0000000000 128.4742599610 -336.9096798319 0.0101891511 0.0000000000 0.0000000000 -0.9332916630 0.3591193002
63.1000000000 128.1032256873 -337.2448418346 0.0101993551 0.0000000000 0.0000000000 -0.9333055679 0.3590831615
63.2000000000 127.7321660759 -337.5799757865 0.0102095974 0.0000000000 0.0000000000 -0.9333187587 0.3590488751
63.3000000000 127.3610824265 -337.9150831200 0.0102198767 0.0000000000 0.0000000000 -0.9333312720 0.3590163461
63.4000000000 126.9899759731 -338.2501651997 0.0102301924 0.0000000000 0.0000000000 -0.9333431427 0.3589854845
63.5000000000 126.6188478874 -338.5852233213 0.0102405455 0.0000000000 0.0000000000 -0.9333544038 0.3589562048
63.6000000000 126.2476992819 -338.9202587100 0.0102509378 0.0000000000 0.0000000000 -0.9333650867 0.3589284259
63.7000000000 125.8765312094 -339.2552725341 0.0102613670 0.0000000000 0.0000000000 -0.9333752211 0.3589020710
63.8000000000 125.5053446700 -339.5902658958 0.0102718342 0.0000000000 0.0000000000 -0.9333848353 0.3588770671
